index,dates,shiftFactor,population,storage,storage_perc,storage_ts,storage_trend,storage_stl,storage_fac,storage_segment,inflow_ts,inflow_trend,inflow_stl,inflow_fac,inflow_segment,outflow_ts,outflow_trend,outflow_stl,outflow_fac,outflow_segment,supply_ts,supply_trend,supply_stl,supply_fac,supply_segment,elevation_ts,elevation_trend,elevation_stl,elevation_fac,elevation_segment
1,1,1,3.31801,146739.836174418,134.099635943152,134.099635943152,NA,87.1492956944271,segment1,37.9463648731283,87674.1131510127,NA,49796.5115429995,segment1,27128.5297109291,61487.6033057851,NA,45898.8259849768,segment1,19853.5345777395,4760.7636708095,NA,4586.71649440645,segment1,6250.62672240822,1.18575553161961,NA,-1.15016626486348,segment1,-2.63232804176564
2,2,0.9985,3.31801,108963.238924825,50.1516420551659,50.1516420551659,NA,83.6092740314359,segment1,37.9463648731284,13880.7821973826,NA,46312.3862128327,segment1,27128.5297109285,47603.305785124,NA,42511.7447134907,segment1,19853.5345777391,4054.07366185237,NA,4651.89461410133,segment1,6250.62672240823,-1.93714890180112,NA,-1.18888373821396,segment1,-2.63232804176564
3,3,0.997,3.33099,171990.140369261,190.211423042803,190.211423042803,NA,80.0692523684447,segment1,37.9463648731284,145055.923973262,NA,42828.2608826659,segment1,27128.5297109285,77355.3719008264,NA,39124.6634420045,segment1,19853.5345777391,4673.65062799935,NA,4717.07273379622,segment1,6250.62672240823,3.02370072456512,NA,-1.22760121156445,segment1,-2.63232804176564
4,4,0.9955,3.34399,127420.762371744,91.1683608260978,91.1683608260978,NA,76.2720022754429,segment1,37.9463648731284,20032.8944963705,NA,39573.1453080312,segment1,27128.5297109285,59504.1322314049,NA,35969.8502230835,segment1,19853.5345777391,5098.14026248328,NA,4792.76538823081,segment1,6250.62672240823,-0.330230286748019,NA,-1.29244010146387,segment1,-2.63232804176564
5,5,0.994,3.35685,125572.114124832,87.0602536107368,87.0602536107368,NA,72.4747521824411,segment1,37.9463648731284,20915.9066798575,NA,36318.0297333966,segment1,27128.5297109285,17851.2396694215,NA,32815.0370041624,segment1,19853.5345777391,4913.31525734851,NA,4868.45804266539,segment1,6250.62672240823,-0.479206694751241,NA,-1.35727899136329,segment1,-2.63232804176564
6,6,0.9925,3.37008,114606.896585086,62.6931035224122,62.6931035224122,NA,68.4721544412043,segment1,37.9463648731284,408.626228136394,NA,33186.9637252925,segment1,27128.5297109285,5950.4132231405,NA,29798.7640931253,segment1,19853.5345777391,5423.43054474194,NA,4942.2552060367,segment1,6250.62672240823,-1.421707737329,NA,-1.44736763668986,segment1,-2.63232804176564
7,7,0.991,3.38279,105654.988013809,42.7999733640206,42.7999733640206,65.8755426839396,64.4695566999674,segment1,37.9463648731284,2218.63379690479,29704.150378131,30055.8977171884,segment1,27128.5297109285,6148.76033057851,26952.0661157025,26782.4911820882,segment1,19853.5345777391,5021.7820376025,4989.67674026357,5016.05236940801,segment1,6250.62672240823,-2.24310015594114,-1.39900870143125,-1.53745628201643,segment1,-2.63232804176564
8,8,0.9895,3.39547,105175.526858804,41.7345041306761,41.7345041306761,62.3997289263855,60.3547819161253,segment1,37.9463648731284,11260.5205608873,27907.65540124,26825.2414976013,segment1,27128.5297109285,6148.76033057851,24390.0826446281,23660.1865005339,segment1,19853.5345777391,5591.22138531379,5081.68894751123,5088.12796715088,segment1,6250.62672240823,-2.28744133369057,-1.52821335081381,-1.63746593771139,segment1,-2.63232804176564
9,9,0.988,3.4082,97780.7438587979,25.3016530195508,25.3016530195508,56.5579958862114,56.2400071322833,segment1,37.9463648731284,3706.97464830468,23542.420046221,23594.5852780142,segment1,27128.5297109285,5950.4132231405,21001.652892562,20537.8818189796,segment1,19853.5345777391,5151.34442517053,5169.5470217374,5160.20356489376,segment1,6250.62672240823,-3.00408242286071,-1.73516132393005,-1.73747559340635,segment1,-2.63232804176564
10,10,0.9865,3.42123,88818.9287194692,5.38650826548721,5.38650826548721,49.1161158656906,51.388021624777,segment1,37.9463648731284,158.744270961057,18341.014817367,20976.4598927351,segment1,27128.5297109285,3689.25619834711,16538.8429752066,17889.0413422174,segment1,19853.5345777391,5431.30321194259,5151.01785139477,5284.4702666207,segment1,6250.62672240823,-3.92423809979911,-2.0045329033743,-1.90245104884237,segment1,-2.63232804176564
11,11,0.985,3.43457,109603.090025102,51.5735333891155,51.5735333891155,45.8598781229983,46.5360361172708,segment1,37.9463648731284,55664.8080338588,17629.0085040336,18358.334507456,segment1,27128.5297109285,29752.0661157025,13737.1900826446,15240.2008654552,segment1,19853.5345777391,5128.58061252355,5357.12540560055,5408.73696834764,segment1,6250.62672240823,-1.87797465780986,-2.13262451009595,-2.06742650427838,segment1,-2.63232804176564
12,12,0.9835,3.44756,108671.458402292,49.5032408939815,49.5032408939815,42.9268040001001,42.2423052429795,segment1,37.9463648731284,21510.284623022,17468.0567487983,17729.3888147225,segment1,27128.5297109285,17851.2396694215,13249.5867768595,14350.1015953208,segment1,19853.5345777391,4590.67657641078,5538.35332724296,5475.9245595601,segment1,6250.62672240823,-1.96413313582801,-2.25183144400894,-2.28372069010605,segment1,-2.63232804176564
13,1,0.982,3.46012,109680.248304086,51.7449962313033,51.7449962313033,39.8157926738856,37.9485743686882,segment1,37.9463648731284,35597.296906235,17353.8887607835,17100.443121989,segment1,27128.5297109285,29752.0661157025,13249.5867768595,13460.0023251865,segment1,19853.5345777391,4836.44088873779,5504.25708072051,5543.11215077256,segment1,6250.62672240823,-1.8708389619822,-2.38842549572687,-2.50001487593371,segment1,-2.63232804176564
14,2,0.9805,3.4731,108484.038213572,49.0867515857167,49.0867515857167,35.3581328978583,33.4527473966667,segment1,37.9463648731284,22841.7189967755,16715.9415445893,16550.6221876754,segment1,27128.5297109285,17851.2396694215,13249.5867768595,13086.1368763412,segment1,19853.5345777391,6186.68941786794,5472.30166694208,5509.44291383431,segment1,6250.62672240823,-1.98146599338088,-2.59658907680809,-2.73511070871133,segment1,-2.63232804176564
15,3,0.979,3.48622,109378.624246633,51.0747205480724,51.0747205480724,29.9594978280984,28.9569204246451,segment1,37.9463648731284,31329.3386534139,16240.136157323,16000.8012533618,segment1,27128.5297109285,25785.1239669422,13249.5867768595,12712.2714274959,segment1,19853.5345777391,4649.62865341174,5419.93516185545,5475.77367689605,segment1,6250.62672240823,-1.8987335386449,-2.86261257790493,-2.97020654148896,segment1,-2.63232804176564
16,4,0.9775,3.49886,109659.974272749,51.6999428283302,51.6999428283302,24.5270536520138,24.7366535129498,segment1,37.9463648731284,8925.75432372426,16202.0975213522,15459.0344621846,segment1,27128.5297109285,3966.94214876033,13249.5867768595,12015.3268689813,segment1,19853.5345777391,4677.46214884788,5397.11062373075,5421.5657746448,segment1,6250.62672240823,-1.87271393019989,-3.15243406443726,-3.17088652984987,segment1,-2.63232804176564
17,5,0.976,3.51145,108165.53460275,48.3789657838884,48.3789657838884,19.6898071854017,20.5163866012544,segment1,37.9463648731284,14934.8953325024,15362.4346313854,14917.2676710074,segment1,27128.5297109285,6148.76033057851,12158.6776859504,11318.3823104666,segment1,19853.5345777391,10280.5746719227,5380.51785541043,5367.35787239356,segment1,6250.62672240823,-2.01092161261909,-3.39865214935704,-3.37156651821077,segment1,-2.63232804176564
18,6,0.9745,3.5242,100336.275579867,30.9806123997036,30.9806123997036,16.5591406131558,18.4074768370061,segment1,37.9463648731284,2526.79544984298,14471.5282515951,14685.9756582948,segment1,27128.5297109285,5950.4132231405,10477.6859504132,10544.0649268154,segment1,19853.5345777391,4405.64124958566,5402.64225869252,5351.17742445805,segment1,6250.62672240823,-2.75095923337295,-3.5368615336399,-3.45166599388141,segment1,-2.63232804176564
19,7,0.973,3.53715,86326.6866959115,-0.151807342418825,-0.151807342418825,15.4613337384093,16.2985670727578,segment1,37.9463648731284,-2639.56713715675,13993.1499177284,14454.6836455822,segment1,27128.5297109285,6148.76033057851,9061.15702479339,9769.74754316411,segment1,19853.5345777391,5221.26141621978,5426.00598657094,5334.99697652255,segment1,6250.62672240823,-4.19210590112732,-3.5838746640632,-3.53176546955205,segment1,-2.63232804176564
20,8,0.9715,3.55027,76361.1025956079,-22.2975497875379,-22.2975497875379,15.3505926815963,16.0629933156575,segment1,37.9463648731284,807.988306289196,13654.5400768957,15076.3987647323,segment1,27128.5297109285,6148.76033057851,8317.35537190083,10036.8309166889,segment1,19853.5345777391,4624.81207601429,5387.01818056079,5328.72326730677,segment1,6250.62672240823,-5.33436153445388,-3.58848332729874,-3.53159239232496,segment1,-2.63232804176564
21,9,0.97,3.56259,68289.9093685871,-40.2335347364731,-40.2335347364731,16.5496154345759,15.8274195585572,segment1,37.9463648731284,2740.17760851049,15785.063929476,15698.1138838824,segment1,27128.5297109285,5950.4132231405,9887.60330578512,10303.9142902137,segment1,19853.5345777391,4860.95761239082,5357.90038485005,5322.44955809099,segment1,6250.62672240823,-6.34172624842137,-3.54091553994023,-3.53141931509786,segment1,-2.63232804176564
22,10,0.9685,3.57515,59639.3661079658,-59.4569642045205,-59.4569642045205,17.6323139953816,16.2145990593462,segment1,37.9463648731284,212.614047455279,17818.4089496631,16514.2359635724,segment1,27128.5297109285,3689.25619834711,11953.7190082645,11025.1028556863,segment1,19853.5345777391,5173.90110972953,5377.4755890361,5280.23983409672,segment1,6250.62672240823,-7.54230995101437,-3.49818876677559,-3.52550577187282,segment1,-2.63232804176564
23,11,0.967,3.58799,86540.3907971953,0.323090660433971,0.323090660433971,16.8829927433342,16.6017785601351,segment1,37.9463648731284,35459.0288981628,17356.6436617167,17330.3580432624,segment1,27128.5297109285,3570.2479338843,12532.2314049587,11746.291421159,segment1,19853.5345777391,4987.75627504897,5161.60682017936,5238.03011010245,segment1,6250.62672240823,-4.16913684466945,-3.5297428410819,-3.51959222864778,segment1,-2.63232804176564
24,12,0.9655,3.60124,97922.9586499425,25.6176858887612,25.6176858887612,18.502102751929,19.2980753557376,segment1,37.9463648731284,20334.3106437498,18247.0003194509,18219.0183793808,segment1,27128.5297109285,3689.25619834711,12532.2314049587,12091.2249446303,segment1,19853.5345777391,5262.48659265549,4986.16941062459,5190.07347387536,segment1,6250.62672240823,-2.9899961717569,-3.46496522457787,-3.42378733056873,segment1,-2.63232804176564
25,1,0.964,3.6137,108572.433809174,49.2831862426084,49.2831862426084,23.2373335257318,21.9943721513401,segment1,37.9463648731284,25292.1908727073,19699.5025624937,19107.6787154993,segment1,27128.5297109285,9917.35537190083,12532.2314049587,12436.1584681017,segment1,19853.5345777391,4725.36034157518,5036.41730932381,5142.11683764826,segment1,6250.62672240823,-1.97329105621253,-3.2634062897598,-3.32798243248968,segment1,-2.63232804176564
26,2,0.9625,3.62712,108395.849294904,48.8907762108981,48.8907762108981,27.904986082915,26.9899229047127,segment1,37.9463648731284,25020.188850319,19725.9966436036,19613.2242699549,segment1,27128.5297109285,19834.7107438017,12532.2314049587,12577.4973751733,segment1,19853.5345777391,5362.06262078698,5093.32158791251,5126.21438354626,segment1,6250.62672240823,-1.98962181680346,-3.04729801355591,-3.10455839972201,segment1,-2.63232804176564
27,3,0.961,3.63992,122416.258897481,80.0472419944013,80.0472419944013,32.3407898355849,31.9854736580853,segment1,37.9463648731284,80283.4412617962,19682.171713899,20118.7698244106,segment1,27128.5297109285,61487.6033057851,12532.2314049587,12718.836282245,segment1,19853.5345777391,4775.42835343486,5153.82862023894,5110.31192944426,segment1,6250.62672240823,-0.748950818618169,-2.82353136195735,-2.88113436695434,segment1,-2.63232804176564
28,4,0.9595,3.65271,108315.484078603,48.7121868413393,48.7121868413393,37.3795842186206,37.4345177468482,segment1,37.9463648731284,8771.93219983354,19934.26467508,20967.8255674687,segment1,27128.5297109285,17851.2396694215,12532.2314049587,13507.8302156367,segment1,19853.5345777391,5021.46734928994,5134.57579775526,5104.01364980074,segment1,6250.62672240823,-1.99705409427517,-2.5509614657743,-2.60693287134016,segment1,-2.63232804176564
29,5,0.958,3.66601,101417.355274784,33.3830117217425,33.3830117217425,42.1096963791545,42.8835618356111,segment1,37.9463648731284,4006.35054567883,20262.1274418122,21816.8813105269,segment1,27128.5297109285,6148.76033057851,12961.9834710744,14296.8241490285,segment1,19853.5345777391,4755.71901891885,5171.59349849759,5097.71537015721,segment1,6250.62672240823,-2.6438792318954,-2.30867855328904,-2.33273137572599,segment1,-2.63232804176564
30,6,0.9565,3.67881,124570.843000656,84.835206668124,84.835206668124,48.0594244413862,47.1355530556655,segment1,37.9463648731284,34823.9000222873,23721.0364783545,23376.484154375,segment1,27128.5297109285,5950.4132231405,15800,16196.0981331942,segment1,19853.5345777391,5719.99907327518,5243.6588503503,5134.01909793411,segment1,6250.62672240823,-0.563338818000005,-2.06475842440404,-2.11658678355253,segment1,-2.63232804176564
31,7,0.955,3.69151,113232.611632192,59.6391369604269,59.6391369604269,51.9848658388269,51.3875442757198,segment1,37.9463648731284,-76.6178765737528,26738.3162696856,24936.0869982232,segment1,27128.5297109285,6148.76033057851,19695.867768595,18095.3721173599,segment1,19853.5345777391,5112.85316131144,5275.99987224234,5170.322825711,segment1,6250.62672240823,-1.54231188086641,-1.91167776914011,-1.90044219137907,segment1,-2.63232804176564
32,8,0.9535,3.70414,99865.8252769066,29.9351672820147,29.9351672820147,52.0489101147126,52.5252543621589,segment1,37.9463648731284,-1119.10300765552,27476.2114116211,25642.6372760571,segment1,27128.5297109285,6148.76033057851,22175.2066115702,19423.9378865511,segment1,19853.5345777391,6098.92301705145,5272.18487590233,5291.3498459017,segment1,6250.62672240823,-2.79755692582145,-1.90901246588028,-1.83735923833638,segment1,-2.63232804176564
33,9,0.952,3.71709,92691.8672161228,13.9930382580506,13.9930382580506,50.6512538873302,53.6629644485979,segment1,37.9463648731284,3615.47060954469,26522.5542066291,26349.187553891,segment1,27128.5297109285,5950.4132231405,21761.9834710744,20752.5036557422,segment1,19853.5345777391,4839.01544718805,5389.51603787687,5412.37686609239,segment1,6250.62672240823,-3.50813121868831,-1.96484669765581,-1.77427628529369,segment1,-2.63232804176564
34,10,0.9505,3.73036,89656.3875972162,7.24752799381389,7.24752799381389,49.0188699103097,51.5248061613999,segment1,37.9463648731284,5387.55211476452,24684.3726886494,25814.8532303525,segment1,27128.5297109285,3689.25619834711,19861.1570247934,20776.9619643991,segment1,19853.5345777391,4733.77553532392,5557.78845351532,5560.97012416695,segment1,6250.62672240823,-3.83422747235423,-2.03044949387572,-1.87575404735059,segment1,-2.63232804176564
35,11,0.949,3.74296,107608.580641711,47.1412903149135,47.1412903149135,49.1968669469986,49.3866478742018,segment1,37.9463648731284,38152.7972324264,25067.4881726987,25280.5189068141,segment1,27128.5297109285,13884.2975206612,19365.2892561983,20801.420273056,segment1,19853.5345777391,6316.30666727047,5622.10024999037,5709.5633822415,segment1,6250.62672240823,-2.06242942368343,-2.02267197528116,-1.97723180940749,segment1,-2.63232804176564
36,12,0.9475,3.75598,141111.831877529,121.592959727842,121.592959727842,46.4411955262699,45.586348822639,segment1,37.9463648731284,100654.359186502,23889.0686810678,24918.7159402847,segment1,27128.5297109285,61487.6033057851,19365.2892561983,20636.9772021485,segment1,19853.5345777391,5663.50464489917,5763.8315641974,5810.65348711622,segment1,6250.62672240823,0.757379500496967,-2.13736840519196,-2.17236081922459,segment1,-2.63232804176564
37,1,0.946,3.76889,107778.327673946,47.5185059421032,47.5185059421032,41.761921516599,41.7860497710761,segment1,37.9463648731284,17386.8573219013,23134.7118863645,24556.9129737553,segment1,27128.5297109285,45619.8347107438,19365.2892561983,20472.534131241,segment1,19853.5345777391,5100.52681474027,5875.09593451805,5911.74359199095,segment1,6250.62672240823,-2.04673100213199,-2.33449704823671,-2.36748982904169,segment1,-2.63232804176564
38,2,0.9445,3.78221,109881.633609697,52.1925191326602,52.1925191326602,38.2860203177973,37.7378194044386,segment1,37.9463648731284,50635.0058075759,23685.2404710879,24113.6454492241,segment1,27128.5297109285,43636.3636363636,19365.2892561983,20044.6712183401,segment1,19853.5345777391,4895.33623546176,5884.10675435036,5932.03404895953,segment1,6250.62672240823,-1.85221459264801,-2.49233900937735,-2.56999345866133,segment1,-2.63232804176564
39,3,0.943,3.79499,105835.787326957,43.2017496154609,43.2017496154609,35.2648297347307,33.6895890378011,segment1,37.9463648731284,31780.8513847317,23898.8280979514,23670.3779246928,segment1,27128.5297109285,27768.5950413223,19365.2892561983,19616.8083054393,segment1,19853.5345777391,8058.10262614905,5893.07460413302,5952.32450592811,segment1,6250.62672240823,-2.22637960538631,-2.63880967404236,-2.77249708828097,segment1,-2.63232804176564
40,4,0.9415,3.8078,107266.208697305,46.3804637717879,46.3804637717879,32.2004401084323,29.6337908256759,segment1,37.9463648731284,13158.1656453861,23963.5126230287,22554.5132725417,segment1,27128.5297109285,5950.4132231405,19365.2892561983,18464.1146587243,segment1,19853.5345777391,5777.33105189843,5977.19869866461,5948.65401626671,segment1,6250.62672240823,-2.09409241678489,-2.79632578828679,-2.94710584875169,segment1,-2.63232804176564
41,5,0.94,3.82089,104388.998652322,39.9866636718273,39.9866636718273,27.3563832041309,25.5779926135507,segment1,37.9463648731284,8814.88871730796,22768.374188091,21438.6486203905,segment1,27128.5297109285,6148.76033057851,18935.5371900826,17311.4210120094,segment1,19853.5345777391,5543.33843171168,6012.66260494402,5944.98352660531,segment1,6250.62672240823,-2.36018046311642,-3.03517353085035,-3.12171460922241,segment1,-2.63232804176564
42,6,0.9385,3.83411,91837.9482792474,12.0954406205499,12.0954406205499,21.3831797493652,22.8478497456332,segment1,37.9463648731284,1733.2940515168,20556.2716195385,20525.99654216,segment1,27128.5297109285,5950.4132231405,17266.1157024793,15978.5831332464,segment1,19853.5345777391,8333.93120145117,5978.09747170379,5933.68073989374,segment1,6250.62672240823,-3.59975190463803,-3.28897760458359,-3.21522325826525,segment1,-2.63232804176564
43,7,0.937,3.84704,95429.3470491552,20.0763267759005,20.0763267759005,18.3888165640671,20.1177068777157,segment1,37.9463648731284,14909.4250213171,19183.0865204367,19613.3444639295,segment1,27128.5297109285,6148.76033057851,14538.8429752066,14645.7452544835,segment1,19853.5345777391,5169.26592083081,5991.70697861431,5922.37795318217,segment1,6250.62672240823,-3.23698622730237,-3.40198380492333,-3.3087319073081,segment1,-2.63232804176564
44,8,0.9355,3.86004,80129.3569128847,-13.9236513047006,-13.9236513047006,18.2366148138415,19.6394311248416,segment1,37.9463648731284,-2892.45987218428,19487.1163554651,20410.2038091221,segment1,27128.5297109285,6148.76033057851,13547.1074380165,14943.2227072337,segment1,19853.5345777391,6258.76993350773,6008.49970505002,5913.41846335299,segment1,6250.62672240823,-4.891089646761,-3.40831792011814,-3.31490351009259,segment1,-2.63232804176564
45,9,0.934,3.87277,79799.4772830256,-14.656717148832,-14.656717148832,18.6607508417625,19.1611553719675,segment1,37.9463648731284,10514.930518797,21556.6572101445,21207.0631543147,segment1,27128.5297109285,5950.4132231405,15447.9338842975,15240.7001599839,segment1,19853.5345777391,4894.39692551561,5917.86211328256,5904.45897352382,segment1,6250.62672240823,-4.92989444970883,-3.39066683230121,-3.32107511287709,segment1,-2.63232804176564
46,10,0.9325,3.88528,69453.3695662911,-37.6480676304641,-37.6480676304641,19.3243126007261,19.1441346364358,segment1,37.9463648731284,40.5208073671204,23429.2165033675,22288.1227693114,segment1,27128.5297109285,3689.25619834711,17348.7603305785,16381.6124335222,segment1,19853.5345777391,6697.37232575446,5781.85338125541,5871.73241108588,segment1,6250.62672240823,-6.19285098320012,-3.3630516661555,-3.33185120236474,segment1,-2.63232804176564
47,11,0.931,3.89841,75495.7841061811,-24.2204797640421,-24.2204797640421,19.1989696842162,19.1271139009042,segment1,37.9463648731284,14816.5061013199,23589.4116020256,23369.1823843081,segment1,27128.5297109285,3570.2479338843,17844.6280991735,17522.5247070604,segment1,19853.5345777391,5203.84362754568,5801.18781528151,5839.00584864793,segment1,6250.62672240823,-5.43615173436288,-3.36843686981443,-3.34262729185239,segment1,-2.63232804176564
48,12,0.9295,3.91134,108714.031101589,49.5978468924199,49.5978468924199,19.978560065403,19.1589372965453,segment1,37.9463648731284,70900.188672349,23905.9851682258,23865.5264871272,segment1,27128.5297109285,31735.5371900827,17844.6280991736,18027.2474072473,segment1,19853.5345777391,5946.40448685847,5710.54139751816,5821.23763860621,segment1,6250.62672240823,-1.96019595842148,-3.33295218845037,-3.36757986757299,segment1,-2.63232804176564
49,1,0.928,3.92399,107837.006048667,47.6489023303706,47.6489023303706,20.4571237717169,19.1907606921864,segment1,37.9463648731284,14184.5854576121,23763.1649877636,24361.8705899464,segment1,27128.5297109285,9917.35537190083,17844.6280991736,18531.9701074343,segment1,19853.5345777391,5144.25513863346,5703.18322074878,5803.46942856448,segment1,6250.62672240823,-2.04130435136716,-3.31228794350968,-3.39253244329358,segment1,-2.63232804176564
50,2,0.9265,3.93598,108179.176332541,48.4092807389807,48.4092807389807,19.9972720365387,19.1696523180542,segment1,37.9463648731284,61133.9937125447,23452.7087354424,24237.9061912966,segment1,27128.5297109285,55537.1900826446,17844.6280991736,18521.6482735604,segment1,19853.5345777391,5254.6333460257,5815.01391709902,5787.6107966686,segment1,6250.62672240823,-2.0096600080883,-3.33334022014051,-3.41242687108878,segment1,-2.63232804176564
51,3,0.925,3.94912,112118.913705659,57.1642526792427,57.1642526792427,19.0391906724272,19.148543943922,segment1,37.9463648731284,70950.8439920689,23250.305275814,24113.9417926469,segment1,27128.5297109285,61487.6033057851,17844.6280991735,18511.3264396864,segment1,19853.5345777391,5523.50331316605,5836.81379049065,5771.75216477271,segment1,6250.62672240823,-1.64530808233985,-3.38619412465844,-3.43232129888399,segment1,-2.63232804176564
52,4,0.9235,3.96243,108149.549315409,48.3434429231321,48.3434429231321,17.6856532534465,18.3996969827713,segment1,37.9463648731284,18929.5960754014,23053.3912525692,23522.6722299105,segment1,27128.5297109285,17851.2396694215,17844.6280991736,18085.8195532628,segment1,19853.5345777391,5047.72079622966,5817.85499193703,5736.16173691248,segment1,6250.62672240823,-2.01239995233433,-3.4622755025395,-3.46211573932553,segment1,-2.63232804176564
53,5,0.922,3.97588,102151.954535911,35.0154545242461,35.0154545242461,16.9058229933182,17.6508500216205,segment1,37.9463648731284,6888.14065508667,23236.5590421698,22931.4026671741,segment1,27128.5297109285,6148.76033057851,17844.6280991735,17660.3126668392,segment1,19853.5345777391,6736.97510400688,5742.85456005398,5700.57130905225,segment1,6250.62672240823,-2.57111781538123,-3.50717355338745,-3.49191017976708,segment1,-2.63232804176564
54,6,0.9205,3.98897,102494.568512477,35.7768189166152,35.7768189166152,15.6995741039766,16.8401367422228,segment1,37.9463648731284,11257.8077025421,21836.6233854657,22005.8339487403,segment1,27128.5297109285,5950.4132231405,16676.0330578512,16700.6215223344,segment1,19853.5345777391,4964.78050283549,5703.40232781826,5678.9712180763,segment1,6250.62672240823,-2.53718219963585,-3.56425389432642,-3.50998709235625,segment1,-2.63232804176564
55,7,0.919,4.00183,89941.2148441159,7.88047743136865,7.88047743136865,15.0693420512169,16.029423462825,segment1,37.9463648731284,1957.22703919901,21405.892839466,21080.2652303065,segment1,27128.5297109285,6148.76033057851,16003.305785124,15740.9303778296,segment1,19853.5345777391,8361.82037698143,5686.19147808393,5657.37112710036,segment1,6250.62672240823,-3.80361405372787,-3.59114137277146,-3.52806400494542,segment1,-2.63232804176564
56,8,0.9175,4.01481,80651.0903779994,-12.7642436044458,-12.7642436044458,15.263147520511,15.4475998774069,segment1,37.9463648731284,2608.78805422487,21522.0674526802,20546.1006895981,segment1,27128.5297109285,6148.76033057851,15755.3719008264,15092.7362949751,segment1,19853.5345777391,5750.15218976283,5679.48309067141,5684.14158154848,segment1,6250.62672240823,-4.82971645947543,-3.58307585337977,-3.54324730644997,segment1,-2.63232804176564
57,9,0.916,4.02732,68930.4650855063,-38.8100775877638,-38.8100775877638,15.1277334158997,14.8657762919888,segment1,37.9463648731284,155.999561307176,20622.2244228191,20011.9361488897,segment1,27128.5297109285,5950.4132231405,15011.5702479339,14444.5422121207,segment1,19853.5345777391,5926.21163065979,5671.59052196026,5710.9120359966,segment1,6250.62672240823,-6.25976134542461,-3.58871132430135,-3.55843060795452,segment1,-2.63232804176564
58,10,0.9145,4.03961,65704.1776388189,-45.9796052470691,-45.9796052470691,15.042476993298,14.2847275833089,segment1,37.9463648731284,5673.51520698296,20256.467320303,19818.6953860812,segment1,27128.5297109285,3689.25619834711,14598.347107438,14286.7880693904,segment1,19853.5345777391,5210.54645532327,5696.48560303573,5731.21949962531,segment1,6250.62672240823,-6.68893715662998,-3.59225940440592,-3.59373296000142,segment1,-2.63232804176564
59,11,0.913,4.05265,70822.8092242679,-34.6048683905157,-34.6048683905157,15.2739737410737,13.7036788746289,segment1,37.9463648731284,13579.5386521171,19984.5121893971,19625.4546232727,segment1,27128.5297109285,3570.2479338843,14185.1239669421,14129.0339266601,segment1,19853.5345777391,4890.65913278372,5695.21468595589,5751.52696325403,segment1,6250.62672240823,-6.01761878128369,-3.58245644211668,-3.62903531204832,segment1,-2.63232804176564
60,12,0.9115,4.06621,100359.517978612,31.0322621746942,31.0322621746942,14.5946148669075,12.7966188420838,segment1,37.9463648731284,38538.7003606548,19583.5282437235,19729.4036774899,segment1,27128.5297109285,3689.25619834711,14185.1239669421,14282.2760589542,segment1,19853.5345777391,5312.73540796326,5704.11577015619,5809.58505601404,segment1,6250.62672240823,-2.74865709403599,-3.61295482170894,-3.698489865542,segment1,-2.63232804176564
61,1,0.91,4.07886,109385.013001839,51.0889177818635,51.0889177818635,12.6390125049355,11.8895588095387,segment1,37.9463648731284,36208.5406653126,19080.9939395566,19833.3527317071,segment1,27128.5297109285,21818.1818181818,14185.1239669421,14435.5181912482,segment1,19853.5345777391,5364.86382390456,5775.89103550183,5867.64314877405,segment1,6250.62672240823,-1.8981426984335,-3.70691853575031,-3.76794441903568,segment1,-2.63232804176564
62,2,0.9085,4.09182,108724.268447746,49.6205965505465,49.6205965505465,10.0611786274732,11.6705440954109,segment1,37.9463648731284,41898.2292219846,19127.0885971221,20746.396953351,segment1,27128.5297109285,37685.9504132231,14185.1239669421,14923.6746728618,segment1,19853.5345777391,4873.02336285414,6101.98987503808,6018.27975916599,segment1,6250.62672240823,-1.95924919562142,-3.84529245600509,-3.80380853033086,segment1,-2.63232804176564
63,3,0.907,4.10508,110111.349260653,52.7029983570069,52.7029983570069,7.59589646128732,11.4515293812832,segment1,37.9463648731284,68590.3757659622,19441.4700113825,21659.441174995,segment1,27128.5297109285,61487.6033057851,14185.1239669421,15411.8311544754,segment1,19853.5345777391,5715.69164727004,6365.72301922399,6168.91636955794,segment1,6250.62672240823,-1.83097019692471,-3.99121713727177,-3.83967264162605,segment1,-2.63232804176564
64,4,0.9055,4.11806,109236.344396318,50.7585431029279,50.7585431029279,11.1414965630386,13.9682947460883,segment1,37.9463648731284,12511.8938411221,24622.6950281085,23862.6280317156,segment1,27128.5297109285,7933.88429752066,16593.3884297521,16800.6599234659,segment1,19853.5345777391,5453.014407937,6433.7865525684,6340.0549135411,segment1,6250.62672240823,-1.91189176025918,-3.83519659700807,-3.71999235826358,segment1,-2.63232804176564
65,5,0.904,4.13108,103565.32433098,38.1562762910658,38.1562762910658,19.1876456844501,16.4850601108934,segment1,37.9463648731284,6778.91974762388,29680.4149629822,26065.8148884361,segment1,27128.5297109285,6148.76033057851,19514.0495867769,18189.4886924564,segment1,19853.5345777391,6301.17948238332,6545.59827157024,6511.19345752427,segment1,6250.62672240823,-2.43635491251462,-3.44641049359603,-3.60031207490111,segment1,-2.63232804176564
66,6,0.9025,4.14432,93744.122876413,16.3313841698066,16.3313841698066,23.1995791795515,20.1003101186649,segment1,37.9463648731284,1743.41391384023,28511.1531852911,27756.5310054716,segment1,27128.5297109285,5950.4132231405,20038.0165289256,19620.731443208,segment1,19853.5345777391,5614.20214526635,6667.7665835699,6639.26427501748,segment1,6250.62672240823,-3.40390621271663,-3.25573842452097,-3.41743255208411,segment1,-2.63232804176564
67,7,0.901,4.15682,77571.1549708825,-19.60854450915,-19.60854450915,25.3619199858438,23.7155601264364,segment1,37.9463648731284,-589.20247210613,29440.6016225697,29447.247122507,segment1,27128.5297109285,6148.76033057851,21702.479338843,21051.9741939596,segment1,19853.5345777391,9435.00510284583,6765.06892089522,6767.33509251068,segment1,6250.62672240823,-5.19201917763999,-3.16898135531831,-3.23455302926711,segment1,-2.63232804176564
68,8,0.8995,4.16968,65180.5443746393,-47.1432347230237,-47.1432347230237,27.0457167939816,26.83965938965,segment1,37.9463648731284,6261.4893471038,30725.300842666,30674.4167766622,segment1,27128.5297109285,6148.76033057851,23190.0826446281,22303.5388097996,segment1,19853.5345777391,12503.3396127685,6777.50963437595,6854.76618519956,segment1,6250.62672240823,-6.7622854216782,-3.10279902761697,-3.09277627027898,segment1,-2.63232804176564
69,9,0.898,4.18211,57775.9636940593,-63.597858457646,-63.597858457646,30.2187558692597,29.9637586528637,segment1,37.9463648731284,4048.45221067646,31252.1721328571,31901.5864308174,segment1,27128.5297109285,5950.4132231405,23024.7933884297,23555.1034256396,segment1,19853.5345777391,5502.619668116,6799.5111605523,6942.19727788844,segment1,6250.62672240823,-7.82938473362202,-2.98410210344868,-2.95099951129085,segment1,-2.63232804176564
70,10,0.8965,4.19483,115151.16012918,63.9025780648443,63.9025780648443,33.1478895171242,32.8541431152616,segment1,37.9463648731284,126130.462959039,32646.562179444,33248.6586765571,segment1,27128.5297109285,61487.6033057851,24512.3966942149,24912.9460544418,segment1,19853.5345777391,7267.66321813308,6816.05534369016,6925.32016745094,segment1,6250.62672240823,-1.37482080210373,-2.87555568721863,-2.84101389869082,segment1,-2.63232804176564
71,11,0.895,4.20799,108274.237245151,48.6205272114471,48.6205272114471,33.6259864850957,35.7445275776596,segment1,37.9463648731284,14507.8693370306,33018.1109907829,34595.7309222969,segment1,27128.5297109285,15867.7685950413,26000,26270.7886832439,segment1,19853.5345777391,5517.02362601802,6802.96735519584,6908.44305701344,segment1,6250.62672240823,-2.00086865392109,-2.85565893002015,-2.7310282860908,segment1,-2.63232804176564
72,12,0.8935,4.22104,106236.971704824,44.0932704551641,44.0932704551641,36.7766033076598,39.5669198407321,segment1,37.9463648731284,9548.08701115388,34928.8591930446,35540.7877134269,segment1,27128.5297109285,3966.94214876033,26743.8016528926,27148.1505146898,segment1,19853.5345777391,7618.41040272085,6767.27996999832,6800.09509569419,segment1,6250.62672240823,-2.18927756359716,-2.72394513695619,-2.58032550535312,segment1,-2.63232804176564
73,1,0.892,4.23372,126860.839983584,89.9240888524083,89.9240888524083,41.8431820126922,43.3893121038046,segment1,37.9463648731284,87505.9165094993,36571.137208176,36485.8445045568,segment1,27128.5297109285,61487.6033057851,27487.6033057851,28025.5123461357,segment1,19853.5345777391,5394.44492495466,6803.57348512638,6691.74713437494,segment1,6250.62672240823,-0.375352568008424,-2.49784181019297,-2.42962272461544,segment1,-2.63232804176564
74,2,0.8905,4.24697,109433.44699389,51.1965488753101,51.1965488753101,46.9279028738295,46.4937909326922,segment1,37.9463648731284,21433.6346601099,36439.181244562,35422.3685906308,segment1,27128.5297109285,33719.0082644628,27487.6033057851,27454.4709882083,segment1,19853.5345777391,5142.01938534133,6663.4535512652,6565.42003556738,segment1,6250.62672240823,-1.89366346121429,-2.24223048108947,-2.28313895360315,segment1,-2.63232804176564
75,3,0.889,4.25994,143670.992727513,127.279983838918,127.279983838918,52.555274097911,49.5982697615799,segment1,37.9463648731284,101699.881292424,36508.2776977946,34358.8926767047,segment1,27128.5297109285,61487.6033057851,27487.6033057851,26883.4296302809,segment1,19853.5345777391,5974.73225301545,6488.35734117286,6439.09293675982,segment1,6250.62672240823,0.952170248707034,-1.93397177330387,-2.13665518259087,segment1,-2.63232804176564
76,4,0.8875,4.27326,107311.344326394,46.4807651697652,46.4807651697652,53.0262936727709,49.4050455951131,segment1,37.9463648731284,12867.7494327452,31753.8404135765,31910.5882912417,segment1,27128.5297109285,43636.3636363636,25079.3388429752,25242.0697575332,segment1,19853.5345777391,5591.03419750022,6462.54276191441,6391.83161060071,segment1,6250.62672240823,-2.08991821636971,-1.87579794333774,-2.11301438493173,segment1,-2.63232804176564
77,5,0.886,4.28647,110653.771654995,53.9083814555439,53.9083814555439,47.9902142892134,49.2118214286463,segment1,37.9463648731284,15340.2356281353,26321.292363446,29462.2839057786,segment1,27128.5297109285,6148.76033057851,22158.6776859504,23600.7098847856,segment1,19853.5345777391,5849.04796895632,6428.85040009654,6344.57028444159,segment1,6250.62672240823,-1.78080628364054,-2.10108084106076,-2.0893735872726,segment1,-2.63232804176564
78,6,0.8845,4.29948,120682.33723609,76.1940827468657,76.1940827468657,45.7312997292644,49.8792150888388,segment1,37.9463648731284,39040.0548876095,27160.2836794971,29706.3853910576,segment1,27128.5297109285,23801.652892562,21811.5702479339,23105.7961722842,segment1,19853.5345777391,5209.83641395278,6365.2249835403,6334.83260652417,segment1,6250.62672240823,-0.898323808055693,-2.20464136950321,-2.04545219424248,segment1,-2.63232804176564
79,7,0.883,4.3125,105351.990625557,42.1266458345705,42.1266458345705,45.7349133142417,50.5466087490313,segment1,37.9463648731284,1528.82891727859,28269.0295870289,29950.4868763365,segment1,27128.5297109285,6148.76033057851,21976.8595041322,22610.8824597829,segment1,19853.5345777391,10710.4151972329,6290.54396965694,6325.09492860674,segment1,6250.62672240823,-2.27112173998364,-2.20379717970091,-2.00153080121237,segment1,-2.63232804176564
80,8,0.8815,4.32548,92314.6940202471,13.154875600549,13.154875600549,55.3032083536075,58.2370134602046,segment1,37.9463648731284,976.514830981993,35732.2478011792,34358.1696303849,segment1,27128.5297109285,6148.76033057851,25117.3553719008,25371.1894969858,segment1,19853.5345777391,7865.0511057131,6309.15966156388,6379.53876954578,segment1,6250.62672240823,-3.54851096085048,-1.88682577374129,-1.73522946877423,segment1,-2.63232804176564
81,9,0.88,4.33855,91417.4232685322,11.1609405967383,11.1609405967383,71.4416124176543,65.9274181713778,segment1,37.9463648731284,10991.7416043808,45261.9555485957,38765.8523844332,segment1,27128.5297109285,5950.4132231405,31646.2809917355,28131.4965341887,segment1,19853.5345777391,5938.59913295518,6353.39272803919,6433.98261048483,segment1,6250.62672240823,-3.64495020759546,-1.3645042371771,-1.4689281363361,segment1,-2.63232804176564
82,10,0.8785,4.35167,86596.7119631937,0.448248807097164,0.448248807097164,83.8009474581643,75.0995290415253,segment1,37.9463648731284,5080.6787440997,48237.3450775671,42937.8128065547,segment1,27128.5297109285,3689.25619834711,36274.3801652892,32451.8080156296,segment1,19853.5345777391,6212.13385109109,6401.26414404839,6462.04814882078,segment1,6250.62672240823,-4.16308340894309,-0.953007552061506,-1.18178389439947,segment1,-2.63232804176564
83,11,0.877,4.36491,82439.0280687171,-8.79104873618425,-8.79104873618425,90.8374584093292,84.2716399116728,segment1,37.9463648731284,5176.50034883879,49091.1863221778,47109.7732286763,segment1,27128.5297109285,3570.2479338843,39489.2561983471,36772.1194970704,segment1,19853.5345777391,5763.93630943113,6435.50019580661,6490.11368715673,segment1,6250.62672240823,-4.61939559243419,-0.698059867141479,-0.894639652462839,segment1,-2.63232804176564
84,12,0.8755,4.37788,107675.903633809,47.2908969640196,47.2908969640196,91.0803142908986,88.7615250548582,segment1,37.9463648731284,39015.2475845705,47332.8589029001,48562.3898318882,segment1,27128.5297109285,7933.88429752066,40720.6611570248,39562.9665287391,segment1,19853.5345777391,5844.48772195813,6502.91259916919,6407.50680383747,segment1,6250.62672240823,-2.05620330770282,-0.688491992003359,-0.784408054042604,segment1,-2.63232804176564
85,1,0.874,4.39076,125460.934772353,86.813188383007,86.813188383007,89.8003795876783,93.2514101980437,segment1,37.9463648731284,84648.6577168458,45750.8795158255,50015.0064351001,segment1,27128.5297109285,61487.6033057851,39976.8595041322,42353.8135604078,segment1,19853.5345777391,5376.02327251658,6349.99062814249,6324.89992051822,segment1,6250.62672240823,-0.488166268647547,-0.740375155617695,-0.674176455622368,segment1,-2.63232804176564
86,2,0.8725,4.40413,214170.938630271,283.94653028949,283.94653028949,88.6493606845537,93.3110399892608,segment1,37.9463648731284,203408.130592372,45559.0626847375,49801.6326675082,segment1,27128.5297109285,109090.909090909,39976.8595041322,43127.0612294399,segment1,19853.5345777391,5607.21764354607,6100.16168701142,6192.04929491289,segment1,6250.62672240823,5.82646398245549,-0.793801686019563,-0.709364586989288,segment1,-2.63232804176564
87,3,0.871,4.41675,213228.264982837,281.85169996186,281.85169996186,86.3635523945374,93.3706697804779,segment1,37.9463648731284,148438.371298156,44994.4907629457,49588.2588999163,segment1,27128.5297109285,142809.917355372,39976.8595041322,43900.308898472,segment1,19853.5345777391,6571.12759021822,6046.24498932085,6059.19866930757,segment1,6250.62672240823,5.76775968257795,-0.908023570353413,-0.744552718356207,segment1,-2.63232804176564
88,4,0.8695,4.42971,171234.890508579,188.533090019064,188.533090019064,82.8438289063733,91.2330552488923,segment1,37.9463648731284,37538.6081223256,44415.0371371419,48296.1914954306,segment1,27128.5297109285,73388.4297520661,39976.8595041322,43110.407761705,segment1,19853.5345777391,6143.55284451804,6022.05320268358,6012.46527874435,segment1,6250.62672240823,2.97041279253361,-1.09426961388691,-0.821644127337084,segment1,-2.63232804176564
89,5,0.868,4.44253,122724.543745391,80.732319434202,80.732319434202,83.2856333598447,89.0954407173068,segment1,37.9463648731284,11161.5668092125,46123.005419786,47004.1240909448,segment1,27128.5297109285,53553.7190082645,39910.7438016529,42320.5066249381,segment1,19853.5345777391,6118.19456413589,6013.4496140711,5965.73188818112,segment1,6250.62672240823,-0.722392854463209,-1.09203838382906,-0.89873553631796,segment1,-2.63232804176564
90,6,0.8665,4.45525,111234.408666643,55.1986859258727,55.1986859258727,85.6478361151994,82.5920059908635,segment1,37.9463648731284,1018.86564386751,47605.9148054476,42610.8007897699,segment1,27128.5297109285,5950.4132231405,40505.7851239669,39059.6060654757,segment1,19853.5345777391,6558.58749947517,6037.1384415711,5973.20833303744,segment1,6250.62672240823,-1.72710823391816,-0.984179354699238,-1.09126627071526,segment1,-2.63232804176564
91,7,0.865,4.46895,100976.624400224,32.4036097782764,32.4036097782764,84.0875811808558,76.0885712644203,segment1,37.9463648731284,1582.51287122982,44215.8024790409,38217.4774885949,segment1,27128.5297109285,6148.76033057851,38852.8925619835,35798.7055060134,segment1,19853.5345777391,5691.53680706967,6065.0246375121,5980.68477789376,segment1,6250.62672240823,-2.68753324086524,-1.04591409781583,-1.28379700511255,segment1,-2.63232804176564
92,8,0.8635,4.4817,84259.0560918339,-4.74654201814678,-4.74654201814678,72.7898298135115,65.3953757385848,segment1,37.9463648731284,-3680.77306908127,35109.6707555375,32894.784484847,segment1,27128.5297109285,6148.76033057851,34142.1487603306,31064.2084636425,segment1,19853.5345777391,6888.03490873061,6051.51011051191,6075.2960236286,segment1,6250.62672240823,-4.41433618961372,-1.43096802420112,-1.62872209526216,segment1,-2.63232804176564
93,9,0.862,4.49465,74786.3316647694,-25.7970407449568,-25.7970407449568,57.3487835059622,54.7021802127493,segment1,37.9463648731284,2099.30338144009,27646.3150060196,27572.0914810991,segment1,27128.5297109285,5950.4132231405,28439.6694214876,26329.7114212716,segment1,19853.5345777391,5621.61458536413,6155.11642292927,6169.90726936344,segment1,6250.62672240823,-5.52045020284461,-1.93032874226806,-1.97364718541177,segment1,-2.63232804176564
94,10,0.8605,4.50761,65214.7898947838,-47.0671335671471,-47.0671335671471,45.8753714814213,46.5690616528998,segment1,37.9463648731284,66.2299477491309,25091.8294688592,26163.9231826634,segment1,27128.5297109285,3689.25619834711,23976.8595041322,23615.6356016977,segment1,19853.5345777391,5948.51551938765,6278.00537577049,6414.83061055279,segment1,6250.62672240823,-6.75748845849787,-2.31101716906746,-2.27249292428452,segment1,-2.63232804176564
95,11,0.859,4.5204,108592.438234618,49.3276405213741,49.3276405213741,36.8141687387513,38.4359430930504,segment1,37.9463648731284,51182.1879286496,23469.5651285273,24755.7548842277,segment1,27128.5297109285,1983.47107438016,20844.6280991736,20901.5597821237,segment1,19853.5345777391,5821.06851443495,6702.47826355529,6659.75395174215,segment1,6250.62672240823,-1.97144102149096,-2.65602166124513,-2.57133866315726,segment1,-2.63232804176564
96,12,0.8575,4.53308,107034.283225738,45.8650738349741,45.8650738349741,34.3363463594047,38.1557365775343,segment1,37.9463648731284,28599.3852606365,26107.7642802244,27347.9261003002,segment1,27128.5297109285,23801.652892562,20109.0909090909,21548.0792625275,segment1,19853.5345777391,6355.88737695441,7113.69344183946,6888.53872208165,segment1,6250.62672240823,-2.11554117953037,-2.76405323857086,-2.60685078464732,segment1,-2.63232804176564
97,1,0.856,4.54602,109251.801889514,50.7928930878081,50.7928930878081,37.2093630695468,37.8755300620183,segment1,37.9463648731284,13701.8242070199,31006.9980961245,29940.0973163727,segment1,27128.5297109285,5950.4132231405,22580.1652892562,22194.5987429312,segment1,19853.5345777391,5533.89232010413,7133.97528730443,7117.32349242116,segment1,6250.62672240823,-1.91046223161808,-2.64824010762781,-2.64236290613739,segment1,-2.63232804176564
98,2,0.8545,4.55936,108364.356745791,48.8207927684251,48.8207927684251,41.9161273410541,42.6360808497477,segment1,37.9463648731284,55807.802738116,33065.6270086923,32295.1166486127,segment1,27128.5297109285,51570.2479338843,23811.5702479339,23593.8103180044,segment1,19853.5345777391,5124.99994795414,7136.01283858023,7181.59469679953,segment1,6250.62672240823,-1.99253428782106,-2.44656149518564,-2.44644137221094,segment1,-2.63232804176564
99,3,0.853,4.57246,152271.546745784,146.392326101742,146.392326101742,48.8071118058549,47.396631637477,segment1,37.9463648731284,116918.161163984,34514.4817517925,34650.1359808527,segment1,27128.5297109285,63471.0743801653,24307.4380165289,24993.0218930777,segment1,19853.5345777391,9539.8967838266,7106.10072610325,7245.86590117789,segment1,6250.62672240823,1.60210071924786,-2.13617988536103,-2.25051983828448,segment1,-2.63232804176564
100,4,0.8515,4.58554,108278.75888059,48.6305752901991,48.6305752901991,57.0129589504107,52.9283358034533,segment1,37.9463648731284,7751.1653646482,35783.0294717773,35193.803414588,segment1,27128.5297109285,45619.8347107438,24980.1652892562,25646.5233020051,segment1,19853.5345777391,6124.11851909892,7110.23296747104,7220.1191036642,segment1,6250.62672240823,-2.00045048732181,-1.74683176829303,-1.98204823345843,segment1,-2.63232804176564
101,5,0.85,4.59825,87819.6857525446,3.16596833898799,3.16596833898799,60.9423358800334,58.4600399694296,segment1,37.9463648731284,2014.66539892375,34353.4190676293,35737.4708483233,segment1,27128.5297109285,6148.76033057851,25487.6033057851,26300.0247109326,segment1,19853.5345777391,16324.9781963902,7097.59614351404,7194.37230615051,segment1,6250.62672240823,-4.03163738687181,-1.55103676291198,-1.71357662863238,segment1,-2.63232804176564
102,6,0.8485,4.61104,119378.784962546,73.297299916768,73.297299916768,61.0371415120483,60.7694726577305,segment1,37.9463648731284,73482.546694885,32130.1422664799,34550.3132085786,segment1,27128.5297109285,35702.479338843,24991.7355371901,25942.5419803452,segment1,19853.5345777391,6220.96814604107,7095.74419488316,7163.70107782984,segment1,6250.62672240823,-1.0106215573272,-1.54709127744017,-1.57173104999217,segment1,-2.63232804176564
103,7,0.847,4.62413,123860.828573856,83.2573968307921,83.2573968307921,61.0281309703239,63.0789053460313,segment1,37.9463648731284,46700.4434018169,32132.9087413931,33363.1555688339,segment1,27128.5297109285,35702.479338843,24991.7355371901,25585.0592497579,segment1,19853.5345777391,6515.92045166309,7145.22794797907,7133.02984950917,segment1,6250.62672240823,-0.62450477482281,-1.5474662653044,-1.42988547135195,segment1,-2.63232804176564
104,8,0.8455,4.63736,112207.90605048,57.3620134455117,57.3620134455117,60.9084946750871,62.0343061334265,segment1,37.9463648731284,608.390301958652,32715.2792066058,31230.7499748576,segment1,27128.5297109285,6148.76033057851,25570.2479338843,24234.7883671516,segment1,19853.5345777391,6112.55249475629,7198.86760557811,7053.22374649648,segment1,6250.62672240823,-1.63707795704428,-1.55244511787599,-1.44395267290959,segment1,-2.63232804176564
105,9,0.844,4.65026,121260.113925972,77.4780309466034,77.4780309466034,56.6894799708764,60.9897069208217,segment1,37.9463648731284,32582.6538448037,28984.3003132703,29098.3443808814,segment1,27128.5297109285,17851.2396694215,23752.0661157025,22884.5174845453,segment1,19853.5345777391,5679.20629989092,7130.79081446268,6973.4176434838,segment1,6250.62672240823,-0.848549799623413,-1.70861114155473,-1.45801987446724,segment1,-2.63232804176564
106,10,0.8425,4.66327,107364.156794784,46.5981262106313,46.5981262106313,51.8658296280426,57.4907782298467,segment1,37.9463648731284,28.0247640211248,25302.0970087219,26379.3582227368,segment1,27128.5297109285,7933.88429752066,20429.7520661157,20774.3912244771,segment1,19853.5345777391,5990.09759768788,7042.9875968815,6817.461372012,segment1,6250.62672240823,-2.085034052087,-1.89034479073543,-1.60633120342711,segment1,-2.63232804176564
107,11,0.841,4.67605,108880.342174543,49.9674270545404,49.9674270545404,51.7947384258097,53.9918495388717,segment1,37.9463648731284,16909.7434128265,25252.6566467062,23660.3720645923,segment1,27128.5297109285,9917.35537190083,18677.6859504132,18664.264964409,segment1,19853.5345777391,5476.20266116658,6606.96173729774,6661.5051005402,segment1,6250.62672240823,-1.94481529875671,-1.89030063617389,-1.75464253238699,segment1,-2.63232804176564
108,12,0.8395,4.68885,107770.280111575,47.5006224701672,47.5006224701672,51.7884342518216,49.691651459297,segment1,37.9463648731284,9513.18654887403,23755.4633403319,21638.6412798644,segment1,27128.5297109285,3966.94214876033,17438.0165289256,16904.5751888924,segment1,19853.5345777391,6656.30646308164,6320.28368970094,6615.70020171946,segment1,6250.62672240823,-2.04747525094098,-1.88562568804944,-1.96615540788663,segment1,-2.63232804176564
109,1,0.838,4.70177,108418.491153052,48.9410914512277,48.9410914512277,48.7505671494805,45.3914533797224,segment1,37.9463648731284,32854.4183166982,20166.3228035907,19616.9104951365,segment1,27128.5297109285,25785.1239669422,14966.9421487603,15144.8854133758,segment1,19853.5345777391,6421.0833082788,6566.4208508839,6569.89530289872,segment1,6250.62672240823,-1.9875278689492,-2.00929425739125,-2.17766828338627,segment1,-2.63232804176564
110,2,0.8365,4.71434,107905.595493695,47.801323319323,47.801323319323,44.6717792095999,40.4462163938036,segment1,37.9463648731284,50632.0997935429,18562.6075342864,18531.3385624132,segment1,27128.5297109285,45619.8347107438,13735.5371900826,14087.411868875,segment1,19853.5345777391,5525.16074215634,6662.52491715,6626.54290904344,segment1,6250.62672240823,-2.03496111220798,-2.18002670863203,-2.4117199359034,segment1,-2.63232804176564
111,3,0.835,4.72803,107164.949192405,46.1554426497886,46.1554426497886,39.5631543485307,35.5009794078849,segment1,37.9463648731284,32550.3706685058,17605.182411093,17445.76662969,segment1,27128.5297109285,25785.1239669422,13239.6694214876,13029.9383243742,segment1,19853.5345777391,7505.8930028542,6664.39417708653,6683.19051518815,segment1,6250.62672240823,-2.10345702465509,-2.40124035562764,-2.64577158842052,segment1,-2.63232804176564
112,4,0.8335,4.74096,101289.932731363,33.0998505141395,33.0998505141395,33.2659458307357,31.7692265895481,segment1,37.9463648731284,3746.07655096514,16427.8076964169,17609.1374520813,segment1,27128.5297109285,3570.2479338843,12566.9421487603,12761.0720550329,segment1,19853.5345777391,6050.84507812293,6694.60938066434,6715.45932476986,segment1,6250.62672240823,-2.65650032375561,-2.68496040106892,-2.80332358841599,segment1,-2.63232804176564
113,5,0.832,4.7542,94040.7269176565,16.9905042614589,16.9905042614589,27.318827700682,28.0374737712113,segment1,37.9463648731284,4833.18552422826,16245.2358955784,17772.5082744726,segment1,27128.5297109285,6148.76033057851,12125.6198347107,12492.2057856917,segment1,19853.5345777391,5933.63100735602,6795.81921939183,6747.72813435156,segment1,6250.62672240823,-3.37452784096112,-2.96504336926742,-2.96087558841145,segment1,-2.63232804176564
114,6,0.8305,4.76716,113089.658718363,59.3214638185842,59.3214638185842,24.2207867776738,26.9683281409807,segment1,37.9463648731284,34731.387216599,18629.4728166011,18599.7880359703,segment1,27128.5297109285,5950.4132231405,13183.4710743802,12659.4059572539,segment1,19853.5345777391,9732.04219275215,6840.12015757461,6760.61760479316,segment1,6250.62672240823,-1.55553234825092,-3.11130138128318,-2.98601724616282,segment1,-2.63232804176564
115,7,0.829,4.77967,97340.990112755,24.3244224727889,24.3244224727889,24.2432514088993,25.8991825107502,segment1,37.9463648731284,-687.770001686234,20568.6622870471,19427.0677974681,segment1,27128.5297109285,6148.76033057851,13761.9834710744,12826.6061288161,segment1,19853.5345777391,8912.1382733431,6796.5697319213,6773.50707523477,segment1,6250.62672240823,-3.04763964810272,-3.11036648032586,-3.01115890391418,segment1,-2.63232804176564
116,8,0.8275,4.79213,94676.8347608707,18.4040772463794,18.4040772463794,24.2039529874463,26.0257039362352,segment1,37.9463648731284,9507.43724215686,19957.1277846072,19538.638639267,segment1,27128.5297109285,6148.76033057851,13183.4710743802,12751.2281974052,segment1,19853.5345777391,6022.83226346264,6791.34099988093,6806.70987879107,segment1,6250.62672240823,-3.31152191354289,-3.11200194593705,-2.99263524133962,segment1,-2.63232804176564
117,9,0.826,4.80519,83618.0367160341,-6.1710295199242,-6.1710295199242,24.1492165427977,26.1522253617201,segment1,37.9463648731284,705.403947965035,19134.0280661415,19650.2094810659,segment1,27128.5297109285,5950.4132231405,12357.0247933884,12675.8502659944,segment1,19853.5345777391,5813.78876966114,6801.63467284497,6839.91268234736,segment1,6250.62672240823,-4.48323337101951,-3.11427988916205,-2.97411157876505,segment1,-2.63232804176564
118,10,0.8245,4.81805,76996.3820125357,-20.8858177499206,-20.8858177499206,24.6140641091648,25.706782366591,segment1,37.9463648731284,3648.28150863391,18332.8484203971,19080.0749057953,segment1,27128.5297109285,3689.25619834711,11299.173553719,12320.4487197144,segment1,19853.5345777391,6580.6800137852,6824.49346181288,6833.23931507445,segment1,6250.62672240823,-5.25963157128155,-3.09452976412391,-3.00439927734596,segment1,-2.63232804176564
119,11,0.823,4.8314,75019.2411522112,-25.2794641061973,-25.2794641061973,26.5025436485372,25.2613393714619,segment1,37.9463648731284,8907.76344808872,18945.94580532,18509.9403305246,segment1,27128.5297109285,3570.2479338843,11233.0578512397,11965.0471734343,segment1,19853.5345777391,7314.65637452895,6863.07216136273,6826.56594780154,segment1,6250.62672240823,-5.49220901632614,-3.01314437069577,-3.03468697592687,segment1,-2.63232804176564
120,12,0.8215,4.84427,108172.539165419,48.3945314787089,48.3945314787089,26.416902155328,23.543603289783,segment1,37.9463648731284,74736.8526181569,17928.7512596516,17829.1506343131,segment1,27128.5297109285,35702.479338843,11233.0578512397,11614.526897476,segment1,19853.5345777391,5881.07526610615,6734.23208035608,6823.60514136289,segment1,6250.62672240823,-2.01027382174985,-3.01586692852811,-3.14317801974278,segment1,-2.63232804176564
121,1,0.82,4.857,108258.850116444,48.5863335920967,48.5863335920967,23.5878400631576,21.8258672081041,segment1,37.9463648731284,14171.29953812,16621.0191599761,17148.3609381016,segment1,27128.5297109285,7933.88429752066,11233.0578512397,11264.0066215177,segment1,19853.5345777391,6151.10428957484,6661.03925021311,6820.64433492424,segment1,6250.62672240823,-2.00229167516471,-3.14287932537377,-3.25166906355868,segment1,-2.63232804176564
122,2,0.8185,4.87012,107640.813578612,47.2129190635827,47.2129190635827,20.2450283914155,19.7091533741239,segment1,37.9463648731284,54638.390513564,16622.2221070465,17003.0519863355,segment1,27128.5297109285,49586.7768595041,11233.0578512397,11065.7455436404,segment1,19853.5345777391,5669.65019189131,6893.42950809072,6890.20642325714,segment1,6250.62672240823,-2.05944848066108,-3.3075302221806,-3.37634897464873,segment1,-2.63232804176564
123,3,0.817,4.88342,106838.577505283,45.4301722339617,45.4301722339617,16.4558761069164,17.5924395401437,segment1,37.9463648731284,8789.68670530699,16655.7952307909,16857.7430345694,segment1,27128.5297109285,1983.47107438016,11233.0578512397,10867.4844657631,segment1,19853.5345777391,7608.45170425627,7127.85590757583,6959.76851159004,segment1,6250.62672240823,-2.13364029360187,-3.50885038781682,-3.50102888573878,segment1,-2.63232804176564
124,4,0.8155,4.89694,106636.65813525,44.9814625227772,44.9814625227772,14.6852290114042,16.8106276982763,segment1,37.9463648731284,8278.44901629782,17615.4853475507,17191.0906598683,segment1,27128.5297109285,1983.47107438016,11233.0578512397,10717.0049842528,segment1,19853.5345777391,6496.89731195064,7179.21868929149,7019.91369075623,segment1,6250.62672240823,-2.15231405389352,-3.60807134297956,-3.53559713555828,segment1,-2.63232804176564
125,5,0.814,4.91075,109089.580538991,50.4324011977584,50.4324011977584,15.6095559163244,16.0288158564088,segment1,37.9463648731284,15015.1502970448,18749.681695844,17524.4382851673,segment1,27128.5297109285,6148.76033057851,11233.0578512397,10566.5255027426,segment1,19853.5345777391,6413.46756272479,7100.67673739027,7080.05886992242,segment1,6250.62672240823,-1.9254646685479,-3.55971550873153,-3.57016538537779,segment1,-2.63232804176564
126,6,0.8125,4.92417,97115.8769703686,23.8241710452635,23.8241710452635,16.4780926734815,18.6250274981517,segment1,37.9463648731284,136.753347741567,18099.9264522035,19407.4191146137,segment1,27128.5297109285,5950.4132231405,10654.5454545455,11579.9524995807,segment1,19853.5345777391,6160.04369322378,7054.53945693732,7112.58274158245,segment1,6250.62672240823,-3.06993690864019,-3.51397237122634,-3.45002854512579,segment1,-2.63232804176564
127,7,0.811,4.93792,82760.901265309,-8.07577496598003,-8.07577496598003,21.9160971857031,21.2212391398946,segment1,37.9463648731284,2521.29347495903,22348.6734393684,21290.3999440602,segment1,27128.5297109285,6148.76033057851,12803.305785124,12593.3794964188,segment1,19853.5345777391,10727.5088494401,7098.26562374475,7145.10661324247,segment1,6250.62672240823,-4.58153261200931,-3.3195546601207,-3.32989170487379,segment1,-2.63232804176564
128,8,0.8095,4.95117,73154.5575535026,-29.4232054366608,-29.4232054366608,29.0588703377782,24.7694406585383,segment1,37.9463648731284,6327.24449520041,26224.4705710542,23410.3500359891,segment1,27128.5297109285,6148.76033057851,15778.5123966942,14625.0983022516,segment1,19853.5345777391,9784.82787642824,7231.7102559262,7221.13467253662,segment1,6250.62672240823,-5.72925047300029,-3.05752008341848,-3.18402866474785,segment1,-2.63232804176564
129,9,0.808,4.96475,64217.4692508116,-49.2834016648631,-49.2834016648631,30.8281639903486,28.317642177182,segment1,37.9463648731284,4691.3516647877,25187.0971500098,25530.3001279181,segment1,27128.5297109285,5950.4132231405,17100.826446281,16656.8171080844,segment1,19853.5345777391,7678.02674433826,7290.08856007215,7297.16273183077,segment1,6250.62672240823,-6.89718878683124,-2.98721790794282,-3.03816562462191,segment1,-2.63232804176564
130,10,0.8065,4.97849,77273.9608462269,-20.2689758972735,-20.2689758972735,30.9663324021326,30.4951260592106,segment1,37.9463648731284,22694.8965940464,25713.0871194933,26550.7246025128,segment1,27128.5297109285,3689.25619834711,18423.1404958678,18002.9394980306,segment1,19853.5345777391,5949.148800284,7227.77083832278,7328.34096637903,segment1,6250.62672240823,-5.22697907937572,-2.9814678121967,-2.96328289327939,segment1,-2.63232804176564
131,11,0.805,4.99211,84724.3928916574,-3.71246024076125,-3.71246024076125,31.4656784862205,32.6726099412393,segment1,37.9463648731284,17081.8607217155,26155.7110378642,27571.1490771074,segment1,27128.5297109285,3570.2479338843,18671.0743801653,19349.0618879767,segment1,19853.5345777391,6061.18074240071,7259.93091985945,7359.51920092728,segment1,6250.62672240823,-4.36432148627929,-2.96080025278652,-2.88840016193688,segment1,-2.63232804176564
132,12,0.8035,5.00559,107847.584403269,47.6724097850432,47.6724097850432,32.5184853306827,34.2314431162106,segment1,37.9463648731284,50968.6294971575,26538.4741679725,27578.7448606575,segment1,27128.5297109285,21818.1818181818,18671.0743801653,19522.2682237418,segment1,19853.5345777391,6027.2561673636,7393.63670779923,7274.4474120346,segment1,6250.62672240823,-2.04032605167211,-2.9155525160607,-2.84131372266426,segment1,-2.63232804176564
133,1,0.802,5.01929,167314.253610587,179.820563579081,179.820563579081,33.7759878795405,35.790276291182,segment1,37.9463648731284,139909.450351079,26527.7547035338,27586.3406442075,segment1,27128.5297109285,73388.4297520661,18671.0743801653,19695.4745595069,segment1,19853.5345777391,7054.35139169575,7290.80417638252,7189.37562314191,segment1,6250.62672240823,2.69378562129302,-2.85695719054242,-2.79422728339164,segment1,-2.63232804176564
134,2,0.8005,5.03222,125727.360126881,87.4052447264022,87.4052447264022,35.2785008514057,37.3842249873168,segment1,37.9463648731284,21919.3708610641,26307.3865080442,27164.1475651663,segment1,27128.5297109285,55537.1900826446,18671.0743801653,19533.220727988,segment1,19853.5345777391,7969.07426212531,6960.18129053964,7023.51985605396,segment1,6250.62672240823,-0.466695936265523,-2.77944484256127,-2.72572899790244,segment1,-2.63232804176564
135,3,0.799,5.04583,107860.402404774,47.7008942328316,47.7008942328316,37.6651851159698,38.9781736834516,segment1,37.9463648731284,16611.7442527405,26498.307355552,26741.9544861251,segment1,27128.5297109285,27768.5950413223,18671.0743801653,19370.9668964691,segment1,19853.5345777391,6710.10693352493,6753.22505633286,6857.66408896601,segment1,6250.62672240823,-2.03914062658154,-2.64677144624792,-2.65723071241325,segment1,-2.63232804176564
136,4,0.7975,5.05915,107107.052083025,46.026782406723,46.026782406723,39.1301745659125,37.8994526005915,segment1,37.9463648731284,13080.150736469,26031.8792940382,25083.9202663275,segment1,27128.5297109285,7933.88429752066,18671.0743801653,18532.6682168188,segment1,19853.5345777391,5899.61676069723,6701.55966139875,6771.63558394677,segment1,6250.62672240823,-2.10881142300701,-2.56362511450732,-2.67379628529735,segment1,-2.63232804176564
137,5,0.796,5.07225,114012.124299365,61.3713873319214,61.3713873319214,38.7208896482585,36.8207315177315,segment1,37.9463648731284,20836.4226177761,25204.7178046263,23425.8860465298,segment1,27128.5297109285,6148.76033057851,18671.0743801653,17694.3695371685,segment1,19853.5345777391,7782.5900708583,6717.82163740531,6685.60707892753,segment1,6250.62672240823,-1.47294587359025,-2.58471722751434,-2.69036185818144,segment1,-2.63232804176564
138,6,0.7945,5.0858,103563.647130187,38.1525491781942,38.1525491781942,36.2677682181885,33.3557689414567,segment1,37.9463648731284,3501.79614960816,23559.9763845494,21813.4706045577,segment1,27128.5297109285,5950.4132231405,17915.7024793388,16381.2072476296,segment1,19853.5345777391,7999.86009564488,6748.1785487421,6683.39137364571,segment1,6250.62672240823,-2.43651002217814,-2.69757731399314,-2.79746685021745,segment1,-2.63232804176564
139,7,0.793,5.0992,89894.1586331539,7.77590807367533,7.77590807367533,28.4908067949816,29.8908063651819,segment1,37.9463648731284,-1101.01647343708,18796.5217888385,20201.0551625856,segment1,27128.5297109285,6148.76033057851,15507.4380165289,15068.0449580907,segment1,19853.5345777391,6419.7116930179,6788.71641275273,6681.1756683639,segment1,6250.62672240823,-3.80867168603248,-2.99694661766964,-2.90457184225346,segment1,-2.63232804176564
140,8,0.7915,5.11257,82248.4402818021,-9.21457715155098,-9.21457715155098,24.5359556775876,27.4788814094894,segment1,37.9463648731284,4660.71775184817,18894.523881776,20559.7925907949,segment1,27128.5297109285,6148.76033057851,13854.5454545455,14951.1513219648,segment1,19853.5345777391,6157.67577262149,6819.6614300579,6768.47771743644,segment1,6250.62672240823,-4.64181504742947,-3.13993855083264,-2.98669705766842,segment1,-2.63232804176564
141,9,0.79,5.12649,80899.7765798044,-12.2116076004347,-12.2116076004347,25.9443992088297,25.0669564537968,segment1,37.9463648731284,10939.9787483251,22809.5790063481,20918.5300190041,segment1,27128.5297109285,5950.4132231405,15259.5041322314,14834.257685839,segment1,19853.5345777391,6338.22922718227,6916.27528505777,6855.77976650898,segment1,6250.62672240823,-4.80046270088178,-3.09162194135512,-3.06882227308337,segment1,-2.63232804176564
142,10,0.7885,5.14005,76413.5395766149,-22.181023163078,-22.181023163078,25.626911406271,24.0612765003695,segment1,37.9463648731284,5251.99603417885,23730.7179918971,22130.5693143444,segment1,27128.5297109285,3689.25619834711,16829.7520661157,15794.5967217653,segment1,19853.5345777391,6048.97683902119,7043.83543693287,6941.99219749289,segment1,6250.62672240823,-5.32819320355077,-3.1048346955539,-3.12721604776909,segment1,-2.63232804176564
143,11,0.787,5.15404,81164.5370506068,-11.6232509986516,-11.6232509986516,24.1727050541084,23.0555965469421,segment1,37.9463648731284,14672.8855356971,23353.9451370815,23342.6086096847,segment1,27128.5297109285,3570.2479338843,16995.041322314,16754.9357576916,segment1,19853.5345777391,6351.64012782099,7013.29667324059,7028.2046284768,segment1,6250.62672240823,-4.7693180742728,-3.16638066033922,-3.18560982245481,segment1,-2.63232804176564
144,12,0.7855,5.16747,84913.7287995637,-3.2917137787473,-3.2917137787473,21.3195367514333,21.4397167116132,segment1,37.9463648731284,13903.8106013304,22608.3738210707,23620.4733019557,segment1,27128.5297109285,3689.25619834711,16995.041322314,17190.1178918765,segment1,19853.5345777391,6465.36265402639,6897.25823496046,7044.82574990778,segment1,6250.62672240823,-4.34397153916984,-3.29173017876644,-3.28883673966532,segment1,-2.63232804176564
145,1,0.784,5.1807,106256.925843658,44.1376129859071,44.1376129859071,19.620960425405,19.8238368762843,segment1,37.9463648731284,62651.3589498452,23115.6335016851,23898.3379942268,segment1,27128.5297109285,33719.0082644628,16995.041322314,17625.3000260615,segment1,19853.5345777391,7589.15364128792,6884.95152608378,7061.44687133875,segment1,6250.62672240823,-2.18743217944527,-3.36984052532246,-3.39206365687584,segment1,-2.63232804176564
146,2,0.7825,5.1947,144072.295825954,128.171768502119,128.171768502119,18.6564447494845,19.0395954466668,segment1,37.9463648731284,101529.512492797,23511.288586791,24311.8593041025,segment1,27128.5297109285,55537.1900826446,16995.041322314,17750.3681849096,segment1,19853.5345777391,8176.95242785734,6950.27931864126,7051.45559527889,segment1,6250.62672240823,0.982715468560912,-3.4196942608175,-3.45411114981312,segment1,-2.63232804176564
147,3,0.781,5.20791,104726.656843117,40.7370152069256,40.7370152069256,16.1760534321204,18.2553540170492,segment1,37.9463648731284,30962.9256107376,22877.7608333814,24725.3806139782,segment1,27128.5297109285,61487.6033057851,16995.041322314,17875.4363437577,segment1,19853.5345777391,8820.96128778968,6998.89560388123,7041.46431921903,segment1,6250.62672240823,-2.32895340394745,-3.55909116319419,-3.5161586427504,segment1,-2.63232804176564
148,4,0.7795,5.22129,106811.929377049,45.3709541712196,45.3709541712196,17.2612427280784,19.8387548574066,segment1,37.9463648731284,20836.3050316483,24679.6341087897,25475.1800462675,segment1,27128.5297109285,11900.826446281,17171.9008264463,18117.8811985144,segment1,19853.5345777391,6850.20605143505,7019.39809916236,7005.56077405554,segment1,6250.62672240823,-2.13610474641186,-3.52635784643199,-3.43850884257969,segment1,-2.63232804176564
149,5,0.778,5.23499,98601.8184019859,27.1262631155241,27.1262631155241,22.5782545020944,21.4221556977641,segment1,37.9463648731284,4037.71980702134,27848.7160896833,26224.9794785569,segment1,27128.5297109285,6148.76033057851,18439.6694214876,18360.3260532711,segment1,19853.5345777391,6099.07045150575,7016.39136988852,6969.65722889204,segment1,6250.62672240823,-2.92275570503313,-3.27832718413622,-3.36085904240898,segment1,-2.63232804176564
150,6,0.7765,5.24892,88159.7353586749,3.92163413038872,3.92163413038872,27.067779793221,23.3129027429991,segment1,37.9463648731284,2406.78737610369,28598.7911717419,25568.8269055785,segment1,27128.5297109285,5950.4132231405,19542.1487603306,17848.355827447,segment1,19853.5345777391,6898.45719627413,7036.35603040441,6901.05998917207,segment1,6250.62672240823,-3.99508863298851,-3.07298839600891,-3.24289645848997,segment1,-2.63232804176564
151,7,0.775,5.2622,86953.446083561,1.24099129680218,1.24099129680218,28.7613520260004,25.2036497882341,segment1,37.9463648731284,12168.224634813,26083.6111398223,24912.6743326002,segment1,27128.5297109285,6148.76033057851,18302.479338843,17336.3856016228,segment1,19853.5345777391,7225.75357934841,7019.02429622856,6832.46274945209,segment1,6250.62672240823,-4.12474139256653,-2.99498221222934,-3.12493387457096,segment1,-2.63232804176564
152,8,0.7735,5.27536,74772.3835314527,-25.8280365967717,-25.8280365967717,25.0630265279799,25.8899315604669,segment1,37.9463648731284,887.198686140718,21595.0798519092,24029.9711538894,segment1,27128.5297109285,6148.76033057851,16390.0826446281,16737.9933043917,segment1,19853.5345777391,6919.50090767045,6869.24368139036,6777.10040019517,segment1,6250.62672240823,-5.52223499277636,-3.13535280902578,-3.07211444575979,segment1,-2.63232804176564
153,9,0.772,5.28862,61587.6071026223,-55.1275397719504,-55.1275397719504,24.2276407962775,26.5762133326997,segment1,37.9463648731284,-491.16826779729,22022.9173368579,23147.2679751785,segment1,27128.5297109285,5950.4132231405,15728.9256198347,16139.6010071606,segment1,19853.5345777391,6743.19493789262,6669.91529628931,6721.73805093825,segment1,6250.62672240823,-7.26556841257562,-3.16285099876539,-3.01929501694862,segment1,-2.63232804176564
154,10,0.7705,5.3022,107445.753450143,46.7794521114299,46.7794521114299,26.7905727415204,27.2073841827055,segment1,37.9463648731284,59928.1016600997,24170.1235153239,23560.3640525357,segment1,27128.5297109285,7933.88429752066,16472.7272727273,16403.8559108413,segment1,19853.5345777391,6136.07101505791,6544.07686723735,6824.86963523354,segment1,6250.62672240823,-2.07748788956408,-3.06255059943549,-3.00048509712857,segment1,-2.63232804176564
155,11,0.769,5.31586,107556.050336451,47.024556303224,47.024556303224,26.9028825834545,27.8385550327112,segment1,37.9463648731284,36054.747451222,24158.3929476906,23973.4601298929,segment1,27128.5297109285,29752.0661157025,17216.5289256198,16668.1108145221,segment1,19853.5345777391,6192.38444921221,6891.32459320046,6928.00121952883,segment1,6250.62672240823,-2.0672874931609,-3.05769924793945,-2.98167517730852,segment1,-2.63232804176564
156,12,0.7675,5.32954,107009.088657886,45.8090859064139,45.8090859064139,26.7982696377518,28.1507377726907,segment1,37.9463648731284,10523.7506552123,24435.7022606217,24404.8904497194,segment1,27128.5297109285,3966.94214876033,17216.5289256198,17122.8981279132,segment1,19853.5345777391,7103.77018501646,7266.2491605681,7088.08129744132,segment1,6250.62672240823,-2.11787120522644,-3.06298672779802,-2.99204766038769,segment1,-2.63232804176564
157,1,0.766,5.34306,102452.146099354,35.6825468874536,35.6825468874536,26.8046455374079,28.4629205126702,segment1,37.9463648731284,5667.09812989259,24481.9040072444,24836.3207695459,segment1,27128.5297109285,3689.25619834711,17216.5289256198,17577.6854413044,segment1,19853.5345777391,6534.78449007761,7262.50592677933,7248.16137535381,segment2,8104.38093725915,-2.54138410267888,-3.0626783491603,-3.00242014346686,segment1,-2.63232804176564
158,2,0.7645,5.35665,107935.160191636,47.8670226480802,47.8670226480802,27.3582737633608,27.694312149687,segment1,37.9463648731284,50789.022402836,24775.6668106312,24506.242991301,segment1,27128.5297109285,39669.4214876033,17216.5289256198,17445.1692929614,segment1,19853.5345777391,5636.58682295085,7310.00518333265,7319.41095945448,segment2,8104.38093725915,-2.03222693132008,-3.03411222421516,-3.04778477580515,segment1,-2.63232804176564
159,3,0.763,5.37011,131841.626575047,100.992503500105,100.992503500105,28.4081876926091,26.9257037867039,segment1,37.9463648731284,91971.5153394667,25036.5357392879,24176.1652130562,segment1,27128.5297109285,61487.6033057851,17216.5289256198,17312.6531446184,segment1,19853.5345777391,6577.44565027077,7347.54554550641,7390.66054355515,segment2,8104.38093725915,0.0260324421828955,-2.97263401677263,-3.09314940814343,segment1,-2.63232804176564
160,4,0.7615,5.38377,107376.624653742,46.6258325638705,46.6258325638705,27.8524270280833,26.2729715052656,segment1,37.9463648731284,11360.663586104,24165.6787560104,24015.7378247931,segment1,27128.5297109285,29752.0661157025,17039.6694214876,16963.2590581897,segment1,19853.5345777391,6073.59939170695,7376.1016335595,7402.25448645214,segment2,8104.38093725915,-2.08388100862462,-2.98468516320287,-3.10888077477699,segment1,-2.63232804176564
161,5,0.76,5.39679,99250.0694181818,28.5668209292928,28.5668209292928,25.8895497314858,25.6202392238274,segment1,37.9463648731284,13231.8276293672,22309.9622752029,23855.31043653,segment1,27128.5297109285,6148.76033057851,15771.9008264463,16613.864971761,segment1,19853.5345777391,15209.6225343486,7421.35623222549,7413.84842934912,segment2,8104.38093725915,-2.85854700691544,-3.06958487081259,-3.12461214141055,segment1,-2.63232804176564
162,6,0.7585,5.40991,86381.6645288896,-0.0296343802453096,-0.0296343802453096,25.2486522487958,30.3798427666245,segment1,37.9463648731284,-131.896935897028,21786.2781754364,26763.8530893078,segment1,27128.5297109285,5950.4132231405,14680.9917355372,17848.1955517296,segment1,19853.5345777391,6786.09473025461,7393.69030710974,7417.18682640428,segment2,8104.38093725915,-4.18619684771176,-3.09713336067532,-2.93454669296716,segment1,-2.63232804176564
163,7,0.757,5.42337,88800.3766296325,5.34528139918334,5.34528139918334,34.0897785450609,35.1394463094216,segment1,37.9463648731284,15815.7508657587,30165.4952934684,29672.3957420856,segment1,27128.5297109285,6148.76033057851,18824.7933884298,19082.5261316982,segment1,19853.5345777391,7248.27843443727,7362.19507171939,7420.52522345944,segment2,8104.38093725915,-3.92623209053818,-2.7905329932468,-2.74448124452376,segment1,-2.63232804176564
164,8,0.7555,5.43678,78904.6378256723,-16.6452492762838,-16.6452492762838,52.4764665540354,45.082043075507,segment1,37.9463648731284,4289.97973647972,41451.2624602766,33373.988696622,segment1,27128.5297109285,6148.76033057851,25778.5123966942,22107.1111742278,segment1,19853.5345777391,8036.9582098614,7398.74045954396,7404.11778735934,segment2,8104.38093725915,-5.03515729612135,-2.16598900475559,-2.38326483970842,segment1,-2.63232804176564
165,9,0.754,5.44992,68794.4232442842,-39.1123927904796,-39.1123927904796,63.8064815254233,55.0246398415923,segment1,37.9463648731284,2366.90496962428,41123.7191464418,37075.5816511584,segment1,27128.5297109285,5950.4132231405,28588.4297520661,25131.6962167575,segment1,19853.5345777391,6526.70632787193,7436.78265725124,7387.71035125923,segment2,8104.38093725915,-6.27716913060991,-1.78512344227526,-2.02204843489308,segment1,-2.63232804176564
166,10,0.7525,5.46338,94236.7221316026,17.4260491813391,17.4260491813391,65.4034947755205,61.556665770394,segment1,37.9463648731284,36169.4608240183,37435.3569378714,38345.9672150216,segment1,27128.5297109285,3689.25619834711,29249.5867768595,27532.9258376899,segment1,19853.5345777391,7037.90573835275,7467.11419846821,7331.15895732421,segment2,8104.38093725915,-3.35511468585551,-1.73000211159114,-1.80855093999313,segment1,-2.63232804176564
167,11,0.751,5.47704,99566.0068517392,29.2689041149759,29.2689041149759,64.7132323580658,68.0886916991956,segment1,37.9463648731284,15276.1927479219,36874.088724416,39616.3527788848,segment1,27128.5297109285,3570.2479338843,29910.7438016529,29934.1554586224,segment1,19853.5345777391,6376.66009390108,7273.96301061777,7274.6075633892,segment2,8104.38093725915,-2.82725367950283,-1.76050694246911,-1.59505344509318,segment1,-2.63232804176564
168,12,0.7495,5.4905,108077.439329546,48.1831985101013,48.1831985101013,64.4113996892888,71.2010055000065,segment1,37.9463648731284,18733.8869641163,36860.6706898511,40444.2363691697,segment1,27128.5297109285,3966.94214876033,29910.7438016529,31332.3024269475,segment1,19853.5345777391,6255.51233754955,7085.75158914796,7338.63200357248,segment2,8104.38093725915,-2.01906877558997,-1.77282234212703,-1.50383020964696,segment1,-2.63232804176564
169,1,0.748,5.50427,196867.959427358,245.495465394129,245.495465394129,67.5200527287163,74.3133193008174,segment1,37.9463648731284,198558.172653757,39349.6484559335,41272.1199594546,segment1,27128.5297109285,103140.495867769,30646.2809917355,32730.4493952726,segment1,19853.5345777391,6627.15668817613,7304.47359645567,7402.65644375576,segment2,8104.38093725915,4.71822228596915,-1.63770879766803,-1.41260697420074,segment1,-2.63232804176564
170,2,0.7465,5.51804,212095.577360557,279.334616356794,279.334616356794,71.8183633600445,76.0398499828477,segment1,37.9463648731284,128756.35988237,41150.7099209042,41731.9792693196,segment1,27128.5297109285,107107.438016529,31381.8181818182,33212.8031481104,segment1,19853.5345777391,6421.30393264201,7834.6519549884,7664.96432527982,segment2,8104.38093725915,5.69722240382089,-1.44398208274647,-1.34591901200438,segment1,-2.63232804176564
171,3,0.745,5.53133,150045.371097115,141.445269104701,141.445269104701,74.5561316908038,77.766380664878,segment1,37.9463648731284,6143.13832789734,40796.656864244,42191.8385791845,segment1,27128.5297109285,61487.6033057851,31381.8181818182,33695.1569009482,segment1,19853.5345777391,6705.74128555434,8182.84293358415,7927.27220680388,segment2,8104.38093725915,1.43735660656989,-1.30259349221637,-1.27923104980801,segment1,-2.63232804176564
172,4,0.7435,5.54502,106420.623232723,44.5013849616059,44.5013849616059,76.8806103291272,76.7235789744485,segment1,37.9463648731284,8668.34759198173,40621.955534429,41114.5543119582,segment1,27128.5297109285,45619.8347107438,31310.7438016529,33221.6810595956,segment1,19853.5345777391,6673.26074563077,8265.19634553069,8135.88814666334,segment2,8104.38093725915,-2.17229323659271,-1.18719766864182,-1.27458482654297,segment1,-2.63232804176564
173,5,0.742,5.55881,92751.2367306908,14.1249705126462,14.1249705126462,78.6384026922081,75.6807772840191,segment1,37.9463648731284,2453.70650056082,41303.3435032706,40037.2700447319,segment1,27128.5297109285,6148.76033057851,32165.2892561983,32748.2052182429,segment1,19853.5345777391,9974.33267201414,8347.04768368592,8344.50408652279,segment2,8104.38093725915,-3.50225072001874,-1.11083289306599,-1.26993860327792,segment1,-2.63232804176564
174,6,0.7405,5.5721,89620.704393589,7.16823198575342,7.16823198575342,79.1455389005591,69.1708159037045,segment1,37.9463648731284,10324.1913633525,42940.6512484687,36796.4965919472,segment1,27128.5297109285,5950.4132231405,34330.5785123967,30609.3023927033,segment1,19853.5345777391,7504.31047731378,8381.86144231411,8440.80928667819,segment2,8104.38093725915,-3.83806272639839,-1.08885108899375,-1.44357360490685,segment1,-2.63232804176564
175,7,0.739,5.58561,119134.78959075,72.7550879794438,72.7550879794438,70.7531258564769,62.6608545233899,segment1,37.9463648731284,65095.1289524858,37065.6209166204,33555.7231391626,segment1,27128.5297109285,23801.652892562,32429.7520661157,28470.3995671638,segment1,19853.5345777391,11779.3908627631,8412.45472034178,8537.11448683359,segment2,8104.38093725915,-1.03164114483556,-1.37669083831908,-1.61720860653578,segment1,-2.63232804176564
176,8,0.7375,5.59893,94991.9796828995,19.1043992953323,19.1043992953323,52.8926701378221,54.4456306251703,segment1,37.9463648731284,-1763.92319095063,26170.7823660592,31043.8292707653,segment1,27128.5297109285,6148.76033057851,25818.1818181818,25850.9209348333,segment1,19853.5345777391,16230.126386321,8389.8056212721,8611.63140989819,segment2,8104.38093725915,-3.28030708370648,-1.97924813202517,-1.87018395032058,segment1,-2.63232804176564
177,9,0.736,5.61262,82274.979359258,-9.15560142387115,-9.15560142387115,40.0374379258014,46.2304067269508,segment1,37.9463648731284,-76.4654627907657,25065.2416308291,28531.935402368,segment1,27128.5297109285,5950.4132231405,22347.1074380165,23231.4423025029,segment1,19853.5345777391,6690.12163771031,8502.98868822196,8686.14833296278,segment2,8104.38093725915,-4.63869317030253,-2.41769376108647,-2.12315929410537,segment1,-2.63232804176564
178,10,0.7345,5.62595,105860.535310521,43.2567451344904,43.2567451344904,36.8506418359896,42.3644383894618,segment1,37.9463648731284,34419.9993408742,29526.2359810132,29031.0133863768,segment1,27128.5297109285,1983.47107438016,22264.4628099174,22598.1748406223,segment1,19853.5345777391,8850.97231523131,8695.8314115112,8714.13174841983,segment2,8104.38093725915,-2.22409088037358,-2.53308215729606,-2.27361015111419,segment1,-2.63232804176564
179,11,0.733,5.63965,106926.351194095,45.6252248757672,45.6252248757672,36.3831141499981,38.4984700519728,segment1,37.9463648731284,33378.9654832646,30772.6582846778,29530.0913703855,segment1,27128.5297109285,25785.1239669422,22181.8181818182,21964.9073787416,segment1,19853.5345777391,6528.0256327479,8801.2275615558,8742.11516387689,segment2,8104.38093725915,-2.1255228711648,-2.5558428559343,-2.42406100812301,segment1,-2.63232804176564
180,12,0.7315,5.65294,106194.16603738,43.9981467497331,43.9981467497331,36.9299833934014,35.9210508931034,segment1,37.9463648731284,39926.5001135268,31277.0292988478,29349.2246653408,segment1,27128.5297109285,33719.0082644628,22181.8181818182,22042.3370026009,segment1,19853.5345777391,6939.67700577938,8849.1199574982,8572.47882786921,segment2,8104.38093725915,-2.19323628619441,-2.53224054046268,-2.56812543327674,segment1,-2.63232804176564
181,1,0.73,5.66594,108113.171843437,48.2626040965265,48.2626040965265,34.9315097282305,33.343631734234,segment1,37.9463648731284,36364.8315399896,29175.121560237,29168.3579602961,segment1,27128.5297109285,27768.5950413223,21446.2809917355,22119.7666264602,segment1,19853.5345777391,6677.23069261026,8628.15371782838,8402.84249186153,segment2,8104.38093725915,-2.01576418723414,-2.61653403163357,-2.71218985843047,segment1,-2.63232804176564
182,2,0.7285,5.67941,107957.443183006,47.9165404066807,47.9165404066807,30.2036161393574,29.1872326624848,segment1,37.9463648731284,29473.5757826671,26639.401274235,28149.426572559,segment1,27128.5297109285,23801.652892562,20710.7438016529,21730.5133962174,segment1,19853.5345777391,5827.65155053574,8056.20958757507,8141.25552727095,segment2,8104.38093725915,-2.0301661719221,-2.83194924563327,-2.92744978168401,segment1,-2.63232804176564
183,3,0.727,5.69258,115346.997384842,64.3377719663163,64.3377719663163,27.4049067474842,25.0308335907356,segment1,37.9463648731284,78892.9447820781,27157.3281581339,27130.495184822,segment1,27128.5297109285,61487.6033057851,20710.7438016529,21341.2601659746,segment1,19853.5345777391,10015.7872744573,7706.00358282395,7879.66856268037,segment2,8104.38093725915,-1.35794991515831,-2.97592020470733,-3.14270970493756,segment1,-2.63232804176564
184,4,0.7255,5.70573,106701.599175028,45.1257759445071,45.1257759445071,22.6340603079742,20.0495517736096,segment1,37.9463648731284,42982.4055422188,26325.8483998885,25954.5883954908,segment1,27128.5297109285,43636.3636363636,20781.8181818182,20414.3496423789,segment1,19853.5345777391,7991.44011566939,7690.91111584985,7776.09223934113,segment2,8104.38093725915,-2.14630822389458,-3.2186551205317,-3.37938193311364,segment1,-2.63232804176564
185,5,0.724,5.71897,87420.9617796768,2.27991506594851,2.27991506594851,15.0897633921825,15.0682699564836,segment1,37.9463648731284,-1946.21616172682,24205.0365236803,24778.6816061596,segment1,27128.5297109285,6148.76033057851,19927.2727272727,19487.4391187833,segment1,19853.5345777391,11185.660903046,7672.69740851387,7672.51591600188,segment2,8104.38093725915,-4.07449250003472,-3.59541556558529,-3.61605416128973,segment1,-2.63232804176564
186,6,0.7225,5.73279,100857.167173359,32.1381492741307,32.1381492741307,8.37169947962229,9.20222462385879,segment1,37.9463648731284,26829.0183657219,22382.5109108542,22786.9071853517,segment1,27128.5297109285,5950.4132231405,17750.4132231405,17645.8145500422,segment1,19853.5345777391,7442.39974889942,7655.22644836578,7657.57173116722,segment2,8104.38093725915,-2.69936537506351,-3.92445882375266,-3.88382408422817,segment1,-2.63232804176564
187,7,0.721,5.74607,86314.8112271345,-0.178197273034538,-0.178197273034538,1.78140784631926,3.33617929123397,segment1,37.9463648731284,-1855.48377654389,20188.2000934063,20795.1327645439,segment1,27128.5297109285,6148.76033057851,15495.867768595,15804.1899813011,segment1,19853.5345777391,6538.11183910192,7657.96355979765,7642.62754633256,segment2,8104.38093725915,-4.19338228427188,-4.24334796475288,-4.15159400716661,segment1,-2.63232804176564
188,8,0.7195,5.75984,76750.7072866854,-21.4317615851435,-21.4317615851435,-6.2137694716567,-1.32703781710782,segment1,37.9463648731284,4329.40267403228,17783.6983140059,19555.1045607476,segment1,27128.5297109285,6148.76033057851,13639.6694214876,14125.1268639753,segment1,19853.5345777391,7744.74628390276,7741.85868560746,7624.94028285194,segment2,8104.38093725915,-5.28853108026283,-4.64227073273783,-4.37684994352775,segment1,-2.63232804176564
189,9,0.718,5.77332,70290.1903232417,-35.7884659483518,-35.7884659483518,-9.29634903525572,-5.99025492544961,segment1,37.9463648731284,6260.45388579853,19123.5946355998,18315.0763569514,segment1,27128.5297109285,5950.4132231405,12786.7768595041,12446.0637466495,segment1,19853.5345777391,6770.55762610176,7723.97857971529,7607.25301937133,segment2,8104.38093725915,-6.08577219152374,-4.81278118541921,-4.6021058798889,segment1,-2.63232804176564
190,10,0.7165,5.78717,66320.1827998281,-44.610704889271,-44.610704889271,-8.13919678369532,-7.42456056210752,segment1,37.9463648731284,8127.56579439477,20010.9197581698,18105.8302052203,segment1,27128.5297109285,3689.25619834711,11877.6859504132,11535.7053233558,segment1,19853.5345777391,8408.31711946132,7612.51529455446,7537.80836106277,segment2,8104.38093725915,-6.60264983893711,-4.76853793054467,-4.69332242252364,segment1,-2.63232804176564
191,11,0.715,5.80054,64988.2970142374,-47.5704510794725,-47.5704510794725,-5.78584044971147,-8.85886619876543,segment1,37.9463648731284,8771.91400074804,19432.2563321713,17896.5840534892,segment1,27128.5297109285,3570.2479338843,10968.5950413223,10625.346900062,segment1,19853.5345777391,6533.55185245447,7404.65094055624,7468.36370275422,segment2,8104.38093725915,-6.78921459388749,-4.66455403928115,-4.78453896515838,segment1,-2.63232804176564
192,12,0.7135,5.81385,75577.129961588,-24.0397111964711,-24.0397111964711,-3.22833405819946,-7.00640482459812,segment1,37.9463648731284,20792.9368882164,19329.1489061651,18464.6706333745,segment1,27128.5297109285,3689.25619834711,10968.5950413223,10612.8080025766,segment1,19853.5345777391,6514.84774251865,7209.67598866239,7397.86662843534,segment2,8104.38093725915,-5.42658275948853,-4.55155092888625,-4.72808325365826,segment1,-2.63232804176564
193,1,0.712,5.82682,67555.0582795561,-41.8665371565421,-41.8665371565421,-1.44533938397227,-5.15394345043082,segment1,37.9463648731284,2834.93514655108,18974.0667116313,19032.7572132599,segment1,27128.5297109285,3689.25619834711,10968.5950413223,10600.2691050912,segment1,19853.5345777391,7167.75063023586,7203.12406690676,7327.36955411646,segment2,8104.38093725915,-6.43575709794547,-4.47008902607428,-4.67162754215814,segment1,-2.63232804176564
194,2,0.7105,5.84022,62167.6417127469,-53.8385739716736,-53.8385739716736,1.72945984255928,-1.27963379265536,segment1,37.9463648731284,5295.42947049504,19636.8635623868,19518.3451702294,segment1,27128.5297109285,3332.23140495868,10968.5950413223,10758.3904188048,segment1,19853.5345777391,7350.61463234556,7239.60886912531,7279.40542569854,segment2,8104.38093725915,-7.18431969284958,-4.318118061456,-4.49582678283274,segment1,-2.63232804176564
195,3,0.709,5.8539,127844.939568232,92.110976818294,92.110976818294,4.55135243563252,2.59467586512009,segment1,37.9463648731284,135228.602812506,19503.5921334808,20003.9331271989,segment1,27128.5297109285,61487.6033057851,10968.5950413223,10916.5117325184,segment1,19853.5345777391,8063.70165123529,7265.14542527554,7231.44129728061,segment2,8104.38093725915,-0.296047258583911,-4.17220971816872,-4.32002602350734,segment1,-2.63232804176564
196,4,0.7075,5.86708,106700.901308491,45.124225129979,45.124225129979,6.74370296097747,8.64656334813134,segment1,37.9463648731284,7942.55045347163,19184.4268736294,20877.2194125523,segment1,27128.5297109285,21818.1818181818,10968.5950413223,11292.0192558881,segment1,19853.5345777391,7268.40689503158,7229.27409590193,7191.2652633172,segment2,8104.38093725915,-2.14637276348,-4.0510424478444,-4.00518771298622,segment1,-2.63232804176564
197,5,0.706,5.88034,112837.90805324,58.7620178960891,58.7620178960891,11.6972371224412,14.6984508311426,segment1,37.9463648731284,19205.7167030548,20415.7181278845,21750.5056979057,segment1,27128.5297109285,6148.76033057851,10985.1239669421,11667.5267792578,segment1,19853.5345777391,6919.94962772666,7201.50378828374,7151.08922935379,segment2,8104.38093725915,-1.57881457012485,-3.7976079406811,-3.69034940246511,segment1,-2.63232804176564
198,6,0.7045,5.89402,103061.289928125,37.0361998402781,37.0361998402781,18.5553906729373,22.5175230941615,segment1,37.9463648731284,3202.50727679176,21227.0806437444,23523.7641429021,segment1,27128.5297109285,5950.4132231405,10930.5785123967,13030.7246857761,segment1,19853.5345777391,7028.71217876622,7210.33303362452,7163.26299566982,segment2,8104.38093725915,-2.48296865549568,-3.46273463191989,-3.2899791833875,segment1,-2.63232804176564
199,7,0.703,5.90746,103367.030954022,37.7156243422706,37.7156243422706,24.8319085840104,30.3365953571805,segment1,37.9463648731284,13249.0546435751,23378.5676830293,25297.0225878985,segment1,27128.5297109285,6148.76033057851,13267.7685950413,14393.9225922944,segment1,19853.5345777391,6794.55328709997,7286.36602800506,7175.43676198584,segment2,8104.38093725915,-2.45469333635239,-3.15690367782464,-2.88960896430989,segment1,-2.63232804176564
200,8,0.7015,5.92148,93986.3192063389,16.8695982363086,16.8695982363086,38.8776927298868,36.9183290081792,segment1,37.9463648731284,5131.9886720457,32267.8856444944,26982.5951617312,segment1,27128.5297109285,6148.76033057851,18595.041322314,16593.229149516,segment1,19853.5345777391,8363.94008915009,7352.24145653604,7240.94314753429,segment2,8104.38093725915,-3.37991687734359,-2.54699201229299,-2.58410091652697,segment1,-2.63232804176564
201,9,0.7,5.93502,83531.0184087794,-6.36440353604586,-6.36440353604586,47.9575071244986,43.5000626591779,segment1,37.9463648731284,2259.35359404091,32897.4760943455,28668.167735564,segment1,27128.5297109285,5950.4132231405,21514.0495867769,18792.5357067376,segment1,19853.5345777391,6764.24116845992,7297.51002999338,7306.44953308274,segment2,8104.38093725915,-4.49258615554825,-2.16724802501128,-2.27859286874405,segment1,-2.63232804176564
202,10,0.6985,5.94829,76756.7403880158,-21.4183546932983,-21.4183546932983,46.3321647714935,45.6662363160822,segment1,37.9463648731284,4468.69984972014,27765.8410206401,29454.7293948998,segment1,27128.5297109285,3689.25619834711,21183.4710743802,20456.4468613353,segment1,19853.5345777391,7553.72167213662,7313.77400511225,7397.98017014971,segment2,8104.38093725915,-5.2878213871291,-2.23050995061455,-2.20774237463398,segment1,-2.63232804176564
203,11,0.697,5.96167,108049.908369858,48.1220185996844,48.1220185996844,47.152609903904,47.8324099729864,segment1,37.9463648731284,41981.7700475451,29884.8441269539,30241.2910542356,segment1,27128.5297109285,3966.94214876033,22084.2975206611,22120.3580159331,segment1,19853.5345777391,6721.65991694252,7431.34629670808,7489.51080721668,segment2,8104.38093725915,-2.02161487377617,-2.19869294537635,-2.13689188052391,segment1,-2.63232804176564
204,12,0.6955,5.97514,106583.576951325,44.8635043362779,44.8635043362779,48.8127187523762,49.3606262810271,segment1,37.9463648731284,7055.78122205649,31531.6854859414,32133.0380905061,segment1,27128.5297109285,1983.47107438016,23315.7024793388,23863.7205865146,segment1,19853.5345777391,6538.64156620924,7468.93402479014,7541.10969706195,segment2,8104.38093725915,-2.15722306933085,-2.13193201410211,-2.11009477214269,segment1,-2.63232804176564
205,1,0.694,5.98851,104335.004729409,39.8666771764642,39.8666771764642,50.2747523802678,50.8888425890679,segment1,37.9463648731284,68207.7797555471,31483.3876860283,34024.7851267766,segment1,27128.5297109285,61487.6033057851,23315.7024793388,25607.0831570961,segment1,19853.5345777391,8968.74867167835,7509.77007413832,7592.70858690722,segment2,8104.38093725915,-2.36517388981702,-2.07108718541893,-2.08329766376147,segment1,-2.63232804176564
206,2,0.6925,6.00173,177082.164038359,201.527031196354,201.527031196354,53.6317984232295,54.5052857033396,segment1,37.9463648731284,153266.215936663,36506.6837660521,36785.7784043276,segment1,27128.5297109285,73388.4297520661,27439.6694214876,27920.2466136214,segment1,19853.5345777391,7130.62687564647,7556.3436252318,7569.81601345372,segment2,8104.38093725915,3.38297707178151,-1.93141284913145,-1.94571448023016,segment1,-2.63232804176564
207,3,0.691,6.01503,110992.412704427,54.660917120948,54.660917120948,59.20234785707,58.1217288176114,segment1,37.9463648731284,2367.98714276251,41602.0695674181,39546.7716818787,segment1,27128.5297109285,61487.6033057851,31563.6363636364,30233.4100701467,segment1,19853.5345777391,6970.13517091049,7531.68595855355,7546.92344000022,segment2,8104.38093725915,-1.74948832845402,-1.69148088157171,-1.80813129669885,segment1,-2.63232804176564
208,4,0.6895,6.02827,105999.730759841,43.5660683552019,43.5660683552019,64.8431755393446,61.6337774481204,segment1,37.9463648731284,17643.9243542849,41523.5214142775,40284.1022666822,segment1,27128.5297109285,13884.2975206612,31492.5619834711,31268.8787398348,segment1,19853.5345777391,8752.30877820945,7492.58697378286,7487.76912615692,segment2,8104.38093725915,-2.21121790808832,-1.43308248843056,-1.63159771777337,segment1,-2.63232804176564
209,5,0.688,6.04135,122399.886031924,80.0108578487194,80.0108578487194,66.7573712150474,65.1458260786293,segment1,37.9463648731284,60360.4173537745,39718.5156169272,41021.4328514857,segment1,27128.5297109285,35702.479338843,31404.9586776859,32304.3474095229,segment1,19853.5345777391,8257.7827428486,7452.16888517502,7428.61481231362,segment2,8104.38093725915,-0.750361299799806,-1.33890856248905,-1.4550641388479,segment1,-2.63232804176564
210,6,0.6865,6.05473,111428.487512942,55.6299722509814,55.6299722509814,65.901780872985,65.3158121897204,segment1,37.9463648731284,1571.99924177203,38962.5333019389,38926.5991470875,segment1,27128.5297109285,5950.4132231405,31884.2975206611,31071.0677100929,segment1,19853.5345777391,6592.98453761361,7463.25143520588,7375.24200294617,segment2,8104.38093725915,-1.70915957523891,-1.37551090908565,-1.39519684611848,segment1,-2.63232804176564
211,7,0.685,6.06789,110789.796550434,54.2106590009644,54.2106590009644,66.1609785683507,65.4857983008116,segment1,37.9463648731284,13720.4154806798,37765.7821201445,36831.7654426892,segment1,27128.5297109285,6148.76033057851,30231.4049586777,29837.7880106628,segment1,19853.5345777391,8210.34611260897,7417.73819855228,7321.86919357871,segment2,8104.38093725915,-1.76822652821289,-1.36472398936729,-1.33532955338906,segment1,-2.63232804176564
212,8,0.6835,6.08154,122819.650873913,80.9436686086954,80.9436686086954,60.0774236509323,62.5314907030537,segment1,37.9463648731284,125219.733755512,31251.5564137693,33872.2953869042,segment1,27128.5297109285,105123.966942149,26677.6859504132,27463.7905340406,segment1,19853.5345777391,8065.91248988472,7311.47017619432,7320.86795572539,segment2,8104.38093725915,-0.714199614583634,-1.57708407347489,-1.41944043010177,segment1,-2.63232804176564
213,9,0.682,6.095,114859.620626682,63.2547125037388,63.2547125037388,53.2311272053603,59.5771831052958,segment1,37.9463648731284,4460.86774335721,28020.1848081402,30912.8253311192,segment1,27128.5297109285,5950.4132231405,23785.1239669421,25089.7930574184,segment1,19853.5345777391,6470.4847674472,7315.89424170555,7319.86671787206,segment2,8104.38093725915,-1.39993619687439,-1.82118684579753,-1.50355130681448,segment1,-2.63232804176564
214,10,0.6805,6.10901,106349.077138679,44.3423936415089,44.3423936415089,52.681390104249,56.1480981884507,segment1,37.9463648731284,382.030025029476,29312.8016811455,29357.0935276286,segment1,27128.5297109285,1983.47107438016,22214.8760330579,23359.3253077118,segment1,19853.5345777391,6909.10243865276,7345.30734358773,7450.82983889009,segment2,8104.38093725915,-2.17890991041537,-1.84406501980105,-1.65077754327932,segment1,-2.63232804176564
215,11,0.679,6.12231,99130.8849167853,28.301966481745,28.301966481745,51.7659518373245,52.7190132716055,segment1,37.9463648731284,2748.30073582876,28806.2237284821,27801.361724138,segment1,27128.5297109285,3570.2479338843,21636.3636363636,21628.8575580053,segment1,19853.5345777391,6396.24502383819,7581.80731223447,7581.79295990811,segment2,8104.38093725915,-2.87035212789368,-1.87983531372243,-1.79800377974416,segment1,-2.63232804176564
216,12,0.6775,6.135,106262.224710123,44.1493882447181,44.1493882447181,50.7733985896083,48.8249623153709,segment1,37.9463648731284,28145.6749740533,28577.0007536827,25940.4765969014,segment1,27128.5297109285,13884.2975206612,21140.4958677686,19865.1110480805,segment1,19853.5345777391,7130.03766005421,7883.15384738637,7730.70344958393,segment2,8104.38093725915,-2.18694213353157,-1.91881486884388,-1.99529082449718,segment1,-2.63232804176564
217,1,0.676,6.14869,107455.69208056,46.8015379568001,46.8015379568001,49.3223301028724,44.9309113591363,segment1,37.9463648731284,18395.8576404848,28359.8432471278,24079.5914696648,segment1,27128.5297109285,9917.35537190083,21140.4958677686,18101.3645381557,segment1,19853.5345777391,7285.03489814707,7872.32819839034,7879.61393925976,segment2,8104.38093725915,-2.07656875237583,-1.98084469000965,-2.19257786925021,segment1,-2.63232804176564
218,2,0.6745,6.16177,108259.08357909,48.5868523979787,48.5868523979787,44.9582062822488,40.4075850099292,segment1,37.9463648731284,46736.7210987202,22960.0759865343,22197.9617275708,segment1,27128.5297109285,39669.4214876033,17016.5289256198,16262.5957646287,segment1,19853.5345777391,6263.90811258659,7907.40278019509,7970.3382556266,segment2,8104.38093725915,-2.00227008424201,-2.16628544566295,-2.41335641644267,segment1,-2.63232804176564
219,3,0.673,6.17541,105875.491551517,43.2899812255939,43.2899812255939,38.612740822977,35.8842586607222,segment1,37.9463648731284,31344.5634456088,18048.1551282395,20316.3319854768,segment1,27128.5297109285,25785.1239669422,12892.5619834711,14423.8269911017,segment1,19853.5345777391,7943.03150623986,8011.05260144077,8061.06257199343,segment2,8104.38093725915,-2.22270770817374,-2.44489677186503,-2.63413496363513,segment1,-2.63232804176564
220,4,0.6715,6.18885,105179.491220749,41.7433138238868,41.7433138238868,32.2158519528751,31.9235983241913,segment1,37.9463648731284,19690.1530035654,18157.2010811339,20141.7325838668,segment1,27128.5297109285,11900.826446281,12963.6363636364,13904.4021139028,segment1,19853.5345777391,8485.32688805255,8072.16470904334,8113.30700205574,segment2,8104.38093725915,-2.28707470445309,-2.74419022069062,-2.81138792875785,segment1,-2.63232804176564
221,5,0.67,6.20195,113333.392288231,59.8630939738463,59.8630939738463,26.0464577839342,27.9629379876605,segment2,18.5581999847296,46156.317840571,18407.834292572,19967.1331822569,segment1,27128.5297109285,23801.652892562,13034.7107438017,13384.9772367039,segment1,19853.5345777391,14200.7638805272,8149.35092479378,8165.55143211806,segment2,8104.38093725915,-1.53299155754826,-3.05103704897859,-2.98864089388056,segment2,-3.72321528126482
222,6,0.6685,6.21499,109775.4061813,51.9564581806657,51.9564581806657,23.004360127948,26.4757002184815,segment2,18.5581999847296,10274.7473597899,20348.9448785731,20606.8810606789,segment1,27128.5297109285,5950.4132231405,13530.5785123967,13418.14343945,segment1,19853.5345777391,7882.32024358067,8187.31031137019,8180.7734384297,segment2,8104.38093725915,-1.86203864040513,-3.20701490267594,-3.04053004256564,segment2,-3.72321528126479
223,7,0.667,6.22794,96771.3382253286,23.058529389619,23.058529389619,23.0482318195031,24.9884624493025,segment2,18.5581999847296,-194.11279465529,22061.6904851701,21246.6289391009,segment1,27128.5297109285,6148.76033057851,13861.1570247934,13451.309642196,segment1,19853.5345777391,6661.19483073719,8180.79119917694,8195.99544474134,segment2,8104.38093725915,-3.1040631710253,-3.20518911323732,-3.09241919125071,segment2,-3.72321528126479
224,8,0.6655,6.24147,89705.5719362831,7.35682652507362,7.35682652507362,22.9502513489899,23.9775400526348,segment2,18.5581999847296,9539.84777660362,21055.6231862707,20421.6326050527,segment1,27128.5297109285,6148.76033057851,12952.0661157025,12660.6831427618,segment1,19853.5345777391,10456.8537350706,8147.64828229922,8215.33763817237,segment2,8104.38093725915,-3.82894110745031,-3.20926672460613,-3.126571816893,segment2,-3.72321528126479
225,9,0.664,6.25494,79442.6726041765,-15.4496164351634,-15.4496164351634,22.6200211362637,22.9666176559671,segment2,18.5581999847296,2254.65312319136,19363.7513110838,19596.6362710045,segment1,27128.5297109285,5950.4132231405,11299.173553719,11870.0566433276,segment1,19853.5345777391,6567.13923215751,8213.18135309156,8234.67983160341,segment2,8104.38093725915,-4.97186653285772,-3.22300977424331,-3.16072444253529,segment2,-3.72321528126479
226,10,0.6625,6.26808,72679.625364085,-30.4786103020334,-30.4786103020334,21.557256232878,19.3843734704134,segment2,18.5581999847296,5205.34751465997,17993.392864236,17799.5864339448,segment1,27128.5297109285,3689.25619834711,10042.9752066116,10631.1532143461,segment1,19853.5345777391,8279.13855640435,8428.66186414797,8417.16708315942,segment2,8104.38093725915,-5.7900223462463,-3.26913420117943,-3.33627589203388,segment2,-3.72321528126479
227,11,0.661,6.28166,66170.879666817,-44.9424896292956,-44.9424896292956,17.550878235329,15.8021292848597,segment2,18.5581999847296,3940.18032071333,15881.3340466446,16002.5365968851,segment1,27128.5297109285,3570.2479338843,8960.3305785124,9392.24978536466,segment1,19853.5345777391,6878.67808409704,8723.8735670293,8599.65433471544,segment2,8104.38093725915,-6.62356357097389,-3.45049619841475,-3.51182734153247,segment2,-3.72321528126479
228,12,0.6595,6.2954,106367.575275441,44.383500612091,44.383500612091,10.1103942360514,9.1564905346558,segment2,18.5581999847296,73540.4494531954,13922.5129875039,14890.7716039066,segment1,27128.5297109285,25785.1239669422,8224.79338842975,8613.59354900988,segment1,19853.5345777391,7558.6298776293,9045.93739874906,8871.87046239881,segment2,8104.38093725915,-2.17719917918788,-3.80884590656362,-3.8768268090138,segment2,-3.72321528126479
229,1,0.658,6.30947,107824.155784037,47.6203461867491,47.6203461867491,1.48722050602062,2.51085178445188,segment2,18.5581999847296,14106.9777196705,13669.7586250355,13779.0066109281,segment1,27128.5297109285,5950.4132231405,8224.79338842975,7834.93731265511,segment1,19853.5345777391,6699.98398793387,9325.39341511965,9144.08659008219,segment2,8104.38093725915,-2.04249276019263,-4.27234147933993,-4.24182627649513,segment2,-3.72321528126479
230,2,0.6565,6.32324,106832.43079407,45.4165128757117,45.4165128757117,-5.96466376135477,-4.64257283979236,segment2,18.5581999847296,26879.9858459496,14238.4888932982,13769.186937651,segment1,27128.5297109285,21818.1818181818,8224.79338842975,7677.37658947513,segment1,19853.5345777391,6053.52901773458,9367.04342518738,9363.03578864297,segment2,8104.38093725915,-2.13420874927672,-4.69951078939706,-4.68667169785516,segment2,-3.72321528126479
231,3,0.655,6.33652,103735.658039095,38.5347956424327,38.5347956424327,-12.4720223111377,-11.7959974640366,segment2,18.5581999847296,10596.3736938927,14706.7566881968,13759.3672643739,segment1,27128.5297109285,3966.94214876033,8224.79338842975,7519.81586629514,segment1,19853.5345777391,9726.2043001079,9410.27464716938,9581.98498720375,segment2,8104.38093725915,-2.42060223443119,-5.1024469589043,-5.13151711921518,segment2,-3.72321528126479
232,4,0.6535,6.34961,95841.463776606,20.9921417257912,20.9921417257912,-19.9102764823741,-19.395187586993,segment2,18.5581999847296,7549.74003093406,14490.4830139107,13799.079752331,segment1,27128.5297109285,3570.2479338843,8224.79338842975,7533.38862229887,segment1,19853.5345777391,11873.6863595385,9612.90400253733,9738.45082206746,segment2,8104.38093725915,-3.19616642466264,-5.65557913918697,-5.66333633361654,segment2,-3.72321528126479
233,5,0.652,6.36318,79402.5373588444,-15.5388058692346,-15.5388058692346,-27.7739800420636,-26.9943777099494,segment2,18.5581999847296,7607.31919101014,14279.6976279925,13838.792240288,segment1,27128.5297109285,6148.76033057851,8224.79338842975,7546.9613783026,segment1,19853.5345777391,17897.4852781932,9801.78770420939,9894.91665693117,segment2,8104.38093725915,-4.97658777098641,-6.33333360437491,-6.1951555480179,segment2,-3.72321528126479
234,6,0.6505,6.37691,63349.0339184887,-51.213257958914,-51.213257958914,-35.2223641309107,-31.8520851189075,segment2,18.5581999847296,1812.04058997349,13432.5931604031,15926.1724318167,segment1,27128.5297109285,5950.4132231405,7304.13223140496,8709.52601505045,segment1,19853.5345777391,11915.1308071888,9896.66749455202,9986.97439085739,segment2,8104.38093725915,-7.01883542253975,-6.86264412839721,-6.56640177002716,segment2,-3.72321528126479
235,7,0.649,6.3906,50067.4342038066,-80.7279239915408,-80.7279239915408,-37.2324154740277,-36.7097925278656,segment2,18.5581999847296,2202.48927591983,17307.2123633445,18013.5526233453,segment1,27128.5297109285,6148.76033057851,8697.52066115703,9872.0906517983,segment1,19853.5345777391,9335.32866002336,9930.64853216284,10079.0321247836,segment2,8104.38093725915,-9.07116013552226,-6.97817509698892,-6.93764799203643,segment2,-3.72321528126479
236,8,0.6475,6.40421,55929.1258701508,-67.701942510776,-67.701942510776,-34.3510916320218,-33.8330655394061,segment2,18.5581999847296,20792.7721443325,23361.0350439182,23208.6387581833,segment1,27128.5297109285,6148.76033057851,12416.5289256198,13192.8203488607,segment1,19853.5345777391,8782.32014740983,10064.3441149684,9981.97323752861,segment2,8104.38093725915,-8.11390758432429,-6.86323845379508,-6.89591717825824,segment2,-3.72321528126479
237,9,0.646,6.41753,42939.6463326529,-96.5674525941047,-96.5674525941047,-27.4064209370674,-30.9563385509467,segment2,18.5581999847296,2240.1558330289,29384.2754483598,28403.7248930212,segment1,27128.5297109285,5950.4132231405,16631.4049586777,16513.5500459231,segment1,19853.5345777391,9279.22214738632,10044.2024025254,9884.9143502736,segment2,8104.38093725915,-10.3573681241576,-6.60601491040264,-6.85418636448005,segment2,-3.72321528126479
238,10,0.6445,6.43104,28849.5065862555,-127.878874252766,-127.878874252766,-14.7758956885761,-20.9636371313304,segment2,18.5581999847296,29.2766219559438,37458.3339377471,33507.1463645974,segment1,27128.5297109285,3689.25619834711,22433.0578512397,20650.7483249073,segment1,19853.5345777391,10430.1601700063,9757.97345025909,9611.93148782126,segment2,8104.38093725915,-13.6796930817306,-6.14350757043479,-6.4486852360008,segment2,-3.72321528126479
239,11,0.643,6.44441,25073,-136.271111111111,-136.271111111111,-4.30285902215912,-10.9709357117142,segment2,18.5581999847296,4057.40195138095,40826.1114536696,38610.5678361737,segment1,27128.5297109285,3570.2479338843,27152.0661157025,24787.9466038916,segment1,19853.5345777391,9260.86531062454,9377.61256365231,9338.94862536891,segment2,8104.38093725915,-15,-5.72910613595437,-6.04318410752155,segment2,-3.72321528126479
240,12,0.6415,6.45754,67022.9067827095,-43.0490960384232,-43.0490960384232,3.0034781709105,0.386397208006908,segment2,18.5581999847296,53092.7206003817,40722.8271659933,40817.8331394298,segment1,27128.5297109285,3689.25619834711,28879.3388429752,27232.0118599302,segment1,19853.5345777391,7453.55761932502,8972.0703117095,9058.63420448515,segment2,8104.38093725915,-6.50421532669711,-5.37740532483046,-5.50044112877447,segment2,-3.72321528126479
241,1,0.64,6.47111,125460.269771105,86.811710602455,86.811710602455,11.3397869139585,11.743730127728,segment2,18.5581999847296,127545.567443078,40897.8986627289,43025.0984426859,segment1,27128.5297109285,61487.6033057851,28879.3388429752,29676.0771159689,segment1,19853.5345777391,7620.60114889777,8683.65461095486,8778.31978360138,segment2,8104.38093725915,-0.488219858884321,-4.92512585206577,-4.95769815002738,segment2,-3.72321528126479
242,2,0.6385,6.48417,120314.614300667,75.3769206681481,75.3769206681481,18.7609727043115,22.0158058621305,segment2,18.5581999847296,58733.1404563107,40333.0818795134,43315.8825224063,segment1,27128.5297109285,55537.1900826446,28879.3388429752,30438.1876195598,segment1,19853.5345777391,8341.60584410444,8530.64315645209,8599.03258377463,segment2,8104.38093725915,-0.930002213932966,-4.50036849046152,-4.34031407351005,segment2,-3.72321528126479
243,3,0.637,6.49914,165255.918038006,175.246484528902,175.246484528902,24.9811627414956,32.2878815965331,segment2,18.5581999847296,123300.988790131,39667.5000492572,43606.6666021266,segment1,27128.5297109285,71404.9586776859,28879.3388429752,31200.2981231507,segment1,19853.5345777391,6954.72637510613,8405.50941512193,8419.74538394787,segment2,8104.38093725915,2.54855627164369,-4.11137688870615,-3.72292999699272,segment2,-3.72321528126479
244,4,0.6355,6.51354,170730.876461401,187.413058803113,187.413058803113,33.1195519000341,41.6046821036719,segment2,18.5581999847296,88622.5286799896,40469.9394988316,43717.4281558113,segment1,27128.5297109285,75371.9008264463,28879.3388429752,31389.0676768624,segment1,19853.5345777391,7775.66943014856,8344.75926008687,8322.67071686722,segment2,8104.38093725915,2.93485122849086,-3.52024156569327,-3.09200054285418,segment2,-3.72321528126479
245,5,0.634,6.52857,117621.920671352,69.3931570474498,69.3931570474498,43.6218854920925,50.9214826108108,segment2,18.5581999847296,7361.19092409574,41710.1270981994,43828.189709496,segment1,27128.5297109285,47603.305785124,28879.3388429752,31577.8372305741,segment1,19853.5345777391,12866.8409290203,8312.95500158437,8225.59604978657,segment2,8104.38093725915,-1.16197099660991,-2.69962508039921,-2.46107108871564,segment2,-3.72321528126479
246,6,0.6325,6.54293,104038.092291133,39.2068717580726,39.2068717580726,59.5222745968237,59.2987040922409,segment2,18.5581999847296,-420.654047344939,47732.0066752645,44342.3216402883,segment1,27128.5297109285,5950.4132231405,32279.3388429752,32387.0311078231,segment1,19853.5345777391,7212.76110973429,8297.49273516031,8218.43966162908,segment2,8104.38093725915,-2.39263272994239,-1.83512191956273,-1.98266277344876,segment2,-3.72321528126479
247,7,0.631,6.55723,99410.5102560806,28.9233561246234,28.9233561246234,73.3298389790741,67.6759255736711,segment2,18.5581999847296,8636.89983489289,50595.7907981068,44856.4535710805,segment1,27128.5297109285,6148.76033057851,36092.5619834711,33196.2249850721,segment1,19853.5345777391,7115.7215393665,8289.82484262317,8211.28327347158,segment2,8104.38093725915,-2.842655481767,-1.29877876777363,-1.50425445818188,segment2,-3.72321528126479
248,8,0.6295,6.57208,86734.8563536899,0.755236341533051,0.755236341533051,82.2577019176082,70.4715057496285,segment2,18.5581999847296,802.758788187837,49456.572220027,44063.2060870487,segment1,27128.5297109285,6148.76033057851,37249.5867768595,33780.4689760675,segment1,19853.5345777391,7329.65236,8189.44712082726,8265.35371110274,segment2,8104.38093725915,-4.14823555957759,-0.992957237263808,-1.38037249743603,segment2,-3.72321528126479
249,9,0.628,6.58663,79311.9682507025,-15.7400705539944,-15.7400705539944,82.0071062900454,73.2670859255859,segment2,18.5581999847296,6256.20526302559,45806.0597795213,43269.9586030169,segment1,27128.5297109285,5950.4132231405,37580.1652892562,34364.7129670629,segment1,19853.5345777391,7728.68014287246,8338.66252266848,8319.42414873389,segment2,8104.38093725915,-4.98724170677539,-1.01273537348622,-1.25649053669018,segment2,-3.72321528126479
250,10,0.6265,6.60121,80371.7875804216,-13.384916487952,-13.384916487952,71.0009195259451,71.7044897913866,segment2,18.5581999847296,15271.7739817448,40082.4303028389,42699.5650662101,segment1,27128.5297109285,3689.25619834711,36505.7851239669,34506.041834364,segment1,19853.5345777391,10522.6984536786,8529.42922271716,8327.89140196656,segment2,8104.38093725915,-4.8625717468037,-1.40574751878906,-1.33138256515036,segment2,-3.72321528126479
251,11,0.625,6.6163,86975.9218000641,1.29093733347577,1.29093733347577,65.0403642708393,70.1418936571874,segment2,18.5581999847296,18579.406976419,39691.62228587,42129.1715294032,segment1,27128.5297109285,3570.2479338843,34117.3553719008,34647.370701665,segment1,19853.5345777391,8405.02482289222,8256.51677876685,8336.35865519924,segment2,8104.38093725915,-4.12232568786931,-1.61772466654993,-1.40627459361053,segment2,-3.72321528126479
252,12,0.6235,6.63136,176844.187313742,200.998194030539,200.998194030539,64.4493982397151,70.1847529691588,segment2,18.5581999847296,183095.825424905,40143.3956875675,43423.863014226,segment1,27128.5297109285,85289.2561983471,32390.0826446281,35343.5676641922,segment1,19853.5345777391,7938.30371287986,8019.24775694537,8279.56088316691,segment2,8104.38093725915,3.36618622124763,-1.64125248059493,-1.43128274836949,segment2,-3.72321528126479
253,1,0.622,6.64666,164760.684568377,174.145965707504,174.145965707504,65.0336916310293,70.2276122811303,segment2,18.5581999847296,66273.2815667713,40710.5901382912,44718.5544990487,segment1,27128.5297109285,71404.9586776859,32390.0826446281,36039.7646267194,segment1,19853.5345777391,6951.82563445145,8057.57546757183,8222.76311113459,segment2,8104.38093725915,2.51361423610925,-1.61601710571199,-1.45629090312844,segment2,-3.72321528126479
254,2,0.6205,6.66136,177435.119239563,202.311376087917,202.311376087917,68.7302308103694,73.2121686490477,segment2,18.5581999847296,92664.1804587009,45383.9981738704,46584.8816347822,segment1,27128.5297109285,73388.4297520661,35604.9586776859,37520.2547812021,segment1,19853.5345777391,6601.31603544894,8115.5968654815,8153.17633508943,segment2,8104.38093725915,3.40788042330928,-1.45629537031155,-1.33419855624214,segment2,-3.72321528126479
255,3,0.619,6.67588,105428.980321431,42.2977340476254,42.2977340476254,75.6648417369672,76.1967250169651,segment2,18.5581999847296,1757.65021560472,50043.8497639096,48451.2087705158,segment1,27128.5297109285,61487.6033057851,38819.8347107438,39000.7449356849,segment1,19853.5345777391,12276.185827951,8103.44013619693,8083.58955904427,segment2,8104.38093725915,-2.26400163493648,-1.15203292659646,-1.21210620935583,segment2,-3.72321528126479
256,4,0.6175,6.69078,111690.997125692,56.2133269459833,56.2133269459833,81.6688400135904,76.9417947779297,segment2,18.5581999847296,72798.7598141379,50467.7590837372,47411.9068779381,segment1,27128.5297109285,59504.1322314049,39657.8512396694,38811.6595373848,segment1,19853.5345777391,7032.61077847213,8108.10861958736,8065.51738932292,segment2,8104.38093725915,-1.68488235219712,-0.879746039391499,-1.12500674617219,segment2,-3.72321528126479
257,5,0.616,6.70558,112287.803251918,57.5395627820403,57.5395627820403,85.4864637328879,77.6868645388944,segment2,18.5581999847296,13805.5673826934,50307.7720983075,46372.6049853604,segment1,27128.5297109285,6148.76033057851,40429.7520661157,38622.5741390847,segment1,19853.5345777391,7060.00092588923,8160.08935850798,8047.44521960158,segment2,8104.38093725915,-1.62968896218274,-0.702827509573931,-1.03790728298855,segment2,-3.72321528126479
258,6,0.6145,6.72008,102989.776574426,36.8772812765023,36.8772812765023,80.4270504107861,72.622437224148,segment2,18.5581999847296,3977.53113479814,44176.8108458636,42229.5184509075,segment1,27128.5297109285,5950.4132231405,38214.8760330578,35674.4831346057,segment1,19853.5345777391,7325.14458914975,8238.6708077516,8106.27725454587,segment2,8104.38093725915,-2.48958230144956,-0.86646032313289,-1.16065752826604,segment2,-3.72321528126479
259,7,0.613,6.73518,106769.19459898,45.2759879977338,45.2759879977338,67.4923086199272,67.5580099094016,segment2,18.5581999847296,17851.3814701189,35747.051638217,38086.4319164546,segment1,27128.5297109285,6148.76033057851,33244.6280991735,32726.3921301267,segment1,19853.5345777391,7923.20311498618,8323.05734493007,8165.10928949016,segment2,8104.38093725915,-2.14005691306943,-1.33578908350429,-1.28340777354353,segment2,-3.72321528126479
260,8,0.6115,6.74963,119298.795147664,73.1195447725861,73.1195447725861,54.7885618811407,61.1731466509911,segment2,18.5581999847296,103750.070006863,30709.5428022701,34481.3341098464,segment1,27128.5297109285,83305.7851239669,28026.4462809917,28907.3248868937,segment1,19853.5345777391,7914.68433421225,8399.78255373234,8247.31254621855,segment2,8104.38093725915,-1.0175124786644,-1.7949647909097,-1.49337587631515,segment2,-3.72321528126479
261,9,0.61,6.76383,121641.827463985,78.326283253299,78.326283253299,48.1372227783166,54.7882833925805,segment2,18.5581999847296,15145.3322052919,29487.098104996,30876.2363032382,segment1,27128.5297109285,5950.4132231405,24142.1487603306,25088.2576436608,segment1,19853.5345777391,6851.88666583061,8338.05194093635,8329.51580294695,segment2,8104.38093725915,-0.815666138526495,-2.0306316737058,-1.70334397908677,segment2,-3.72321528126479
262,10,0.6085,6.77869,102885.109754671,36.6446883437126,36.6446883437126,46.858267773258,49.7253022197809,segment2,18.5581999847296,16556.4707153389,27956.8780595863,28281.1173293492,segment1,27128.5297109285,23801.652892562,20323.9669421488,22336.8007372564,segment1,19853.5345777391,11511.5355320908,8208.44086971394,8375.9476485155,segment2,8104.38093725915,-2.49926202213354,-2.08493019824853,-1.92667481184456,segment2,-3.72321528126479
263,11,0.607,6.79383,105692.935794228,42.8843017649503,42.8843017649503,43.1915161698447,44.6623210469814,segment2,18.5581999847296,13455.0225925122,24552.5870974255,25685.9983554602,segment1,27128.5297109285,1983.47107438016,17993.3884297521,19585.343830852,segment1,19853.5345777391,8663.72547857502,8209.2368892094,8422.37949408405,segment2,8104.38093725915,-2.23959069691784,-2.24582828401279,-2.15000564460234,segment2,-3.72321528126479
264,12,0.6055,6.80829,103485.50944088,37.9789098686217,37.9789098686217,38.1014277292361,36.7711375316833,segment2,18.5581999847296,41077.139750159,23958.857692647,22940.5292078565,segment1,27128.5297109285,33719.0082644628,17993.3884297521,17582.7171900734,segment1,19853.5345777391,9565.5578390441,8256.00906116888,8493.7658875446,segment2,8104.38093725915,-2.44373629511884,-2.48251129224971,-2.54883083166515,segment2,-3.72321528126479
265,1,0.604,6.82298,98424.1510999626,26.7314468888058,26.7314468888058,30.9102304913268,28.8799540163853,segment2,18.5581999847296,5977.74625800025,23239.0011232495,20195.0600602528,segment1,27128.5297109285,3689.25619834711,17993.3884297521,15580.0905492947,segment1,19853.5345777391,7349.8484005703,8481.65145055661,8565.15228100516,segment2,8104.38093725915,-2.94035349643792,-2.84884685393896,-2.94765601872796,segment2,-3.72321528126479
266,2,0.6025,6.83707,106571.187929083,44.8359731757399,44.8359731757399,21.7143503566347,19.0859252775754,segment2,18.5581999847296,32059.5037047465,19278.5716203845,17877.55748081,segment1,27128.5297109285,15867.7685950413,14778.5123966942,13589.2515133871,segment1,19853.5345777391,8044.69828058477,8638.20528430173,8542.8346252297,segment2,8104.38093725915,-2.15836882187341,-3.30458118070116,-3.44576077302371,segment2,-3.72321528126479
267,3,0.601,6.85158,104458.44932141,40.1409984920228,40.1409984920228,11.663915680742,9.29189653876547,segment2,18.5581999847296,33023.6542349808,15688.0971327185,15560.0549013672,segment1,27128.5297109285,25785.1239669422,11563.6363636364,11598.4124774796,segment1,19853.5345777391,9351.2688757113,8647.15637323388,8520.51696945424,segment2,8104.38093725915,-2.35375757686023,-3.78104827992204,-3.94386552731945,segment2,-3.72321528126479
268,4,0.5995,6.86604,98848.8140710807,27.6751423801793,27.6751423801793,1.58498191817961,0.895090736721384,segment2,18.5581999847296,4807.47470492873,14737.9618329595,14945.187016024,segment1,27128.5297109285,3570.2479338843,10725.6198347107,10508.7892199773,segment1,19853.5345777391,6846.86202137401,8547.8621914018,8415.39004256154,segment2,8104.38093725915,-2.89829099929869,-4.29684258791777,-4.37318840973868,segment2,-3.72321528126479
269,5,0.598,6.88079,85529.068989667,-1.92429113407338,-1.92429113407338,-8.19118744695417,-7.50171506532271,segment2,18.5581999847296,93.8694000431471,13924.5870698656,14330.3191306809,segment1,27128.5297109285,6148.76033057851,9953.71900826446,9419.1659624751,segment1,19853.5345777391,7264.85415087833,8370.14427591137,8310.26311566885,segment2,8104.38093725915,-4.27783437342359,-4.83503282813138,-4.8025112921579,segment2,-3.72321528126479
270,6,0.5965,6.89521,74775.5556781033,-25.8209873819926,-25.8209873819926,-14.2310214874535,-11.3709568074377,segment2,18.5581999847296,3439.72340276482,14298.44889304,14981.1439092269,segment1,27128.5297109285,5950.4132231405,8768.59504132231,9028.63818612073,segment1,19853.5345777391,8242.82349118796,8247.77916994233,8229.15479209408,segment2,8104.38093725915,-5.52182908789462,-5.15848567982475,-4.99950155603321,segment2,-3.72321528126479
271,7,0.595,6.90918,57318.4853258832,-64.6144770535929,-64.6144770535929,-15.4144023414034,-15.2401985495527,segment2,18.5581999847296,1112.63153661214,15160.9051993921,15631.9686877728,segment1,27128.5297109285,6148.76033057851,7517.35537190083,8638.11040976636,segment1,19853.5345777391,12420.9415582537,8176.07121176869,8148.04646851932,segment2,8104.38093725915,-7.89986360716637,-5.21103537832853,-5.19649181990852,segment2,-3.72321528126479
272,8,0.5935,6.92321,69433.9989660855,-37.691113408699,-37.691113408699,-15.7878132787629,-13.7726050156077,segment2,18.5581999847296,25438.5118716081,15445.4011685756,17683.1202132218,segment1,27128.5297109285,6148.76033057851,7434.71074380165,9452.93511508928,segment1,19853.5345777391,7174.23790082736,8178.72534658568,8160.45832067074,segment2,8104.38093725915,-6.19532962686043,-5.22738559262743,-5.14713114492818,segment2,-3.72321528126479
273,9,0.592,6.93779,62961.9291459216,-52.0734907868409,-52.0734907868409,-10.700983756552,-12.3050114816627,segment2,18.5581999847296,7285.50263656383,19572.1202243964,19734.2717386708,segment1,27128.5297109285,5950.4132231405,9170.2479338843,10267.7598204122,segment1,19853.5345777391,7807.1592335872,8112.79900551725,8172.87017282216,segment2,8104.38093725915,-7.07305937163159,-5.04174033926945,-5.09777046994783,segment2,-3.72321528126479
274,10,0.5905,6.95212,52712.5234370601,-74.8499479176442,-74.8499479176442,-4.30263950939309,-6.95156088053817,segment2,18.5581999847296,1613.05308984977,24289.9290062454,22079.2640046847,segment1,27128.5297109285,3689.25619834711,13319.0082644628,11882.7418418735,segment1,19853.5345777391,8173.20260036415,8091.66583056114,8158.63663251406,segment2,8104.38093725915,-8.62093218092591,-4.8004415374207,-4.87732342938218,segment2,-3.72321528126479
275,11,0.589,6.96729,50282.8929683934,-80.2491267369037,-80.2491267369037,0.0351480909209245,-1.59811027941366,segment2,18.5581999847296,8877.44590374882,25714.366926407,24424.2562706987,segment1,27128.5297109285,3570.2479338843,15641.3223140496,13497.7238633348,segment1,19853.5345777391,7736.82843853128,8121.04019221611,8144.40309220597,segment2,8104.38093725915,-9.03448630325215,-4.61312238042116,-4.65687638881654,segment2,-3.72321528126479
276,12,0.5875,6.98137,93665.3446293214,16.1563213984919,16.1563213984919,6.25494207434778,6.47014229173205,segment2,18.5581999847296,54627.4001951062,26504.8903481954,25888.6668898772,segment1,27128.5297109285,3689.25619834711,15633.0578512397,14527.0212834741,segment1,19853.5345777391,7555.6923358311,8072.92520441372,8025.02407056478,segment2,8104.38093725915,-3.41170912942539,-4.33093004647169,-4.30120860335177,segment2,-3.72321528126479
277,1,0.586,6.99631,95463.802688862,20.1528948641378,20.1528948641378,15.0406311352591,14.5383948628778,segment2,18.5581999847296,13126.4371655036,27389.7622069778,27353.0775090558,segment1,27128.5297109285,3689.25619834711,15624.7933884297,15556.3187036134,segment1,19853.5345777391,7638.72290761588,7811.40874113803,7905.64504892359,segment2,8104.38093725915,-3.23357342622205,-3.89961067901683,-3.94554081788701,segment2,-3.72321528126479
278,2,0.5845,7.01085,105498.698216702,42.4526627037812,42.4526627037812,25.0983026528753,24.1554580353508,segment2,18.5581999847296,31738.7160576476,27740.9322634429,27754.7531265126,segment1,27128.5297109285,13884.2975206612,15616.5289256198,15927.2795711536,segment1,19853.5345777391,7819.52300914685,7598.45115489584,7744.17337400733,segment2,8104.38093725915,-2.25755403526298,-3.40866987761979,-3.47884181217957,segment2,-3.72321528126479
279,3,0.583,7.0251,160468.697873669,164.608217497042,164.608217497042,33.3419030834629,33.7725212078239,segment2,18.5581999847296,132385.69922178,26905.0928374769,28156.4287439693,segment1,27128.5297109285,69421.4876033058,15616.5289256198,16298.2404386938,segment1,19853.5345777391,7994.21196150704,7578.94371809264,7582.70169909106,segment2,8104.38093725915,2.2009137171209,-3.00455482544485,-3.01214280647212,segment2,-3.72321528126479
280,4,0.5815,7.03978,111940.683388139,56.7681853069746,56.7681853069746,41.0145225853296,42.5452543783522,segment2,18.5581999847296,18672.8404825061,26594.8271464218,28474.6981244485,segment1,27128.5297109285,59504.1322314049,15616.5289256198,16999.9462892435,segment1,19853.5345777391,7696.72273663155,7525.619444962,7506.53646136456,segment2,8104.38093725915,-1.66179104890975,-2.58925760625715,-2.54829885157592,segment2,-3.72321528126479
281,5,0.58,7.05474,119285.305756,73.0895683466677,73.0895683466677,50.0178894354248,51.3179875488804,segment2,18.5581999847296,20415.0137063425,27859.1372879833,28792.9675049276,segment1,27128.5297109285,5950.4132231405,16294.2148760331,17701.6521397933,segment1,19853.5345777391,7119.9781153401,7513.40732940746,7430.37122363807,segment2,8104.38093725915,-1.01867455582351,-2.08571034624301,-2.08445489667972,segment2,-3.72321528126479
282,6,0.5785,7.06949,108193.09393278,48.4402087395108,48.4402087395108,56.4478899324009,55.7531584556116,segment2,18.5581999847296,2091.14121938886,28490.5099513199,28269.7245927817,segment1,27128.5297109285,5950.4132231405,18057.8512396694,18352.2249360979,segment1,19853.5345777391,7232.93981946896,7539.1584880112,7425.67129508115,segment2,8104.38093725915,-2.00837289070756,-1.7460201038704,-1.81958986598134,segment2,-3.72321528126479
283,7,0.577,7.08391,118786.388929049,71.980864286776,71.980864286776,58.61623220092,60.1883293623427,segment2,18.5581999847296,23698.1383307658,28440.3131061276,27746.4816806357,segment1,27128.5297109285,5950.4132231405,19899.173553719,19002.7977324025,segment1,19853.5345777391,7154.43011135594,7565.385531575,7420.97136652422,segment2,8104.38093725915,-1.06165498543683,-1.6512906728907,-1.55472483528296,segment2,-3.72321528126479
284,8,0.5755,7.09848,116588.947753174,67.0976616737208,67.0976616737208,59.6228113193344,58.565190469239,segment2,18.5581999847296,11281.0864326163,28251.6210864227,25725.0632679929,segment1,27128.5297109285,6148.76033057851,20241.3223140496,18163.7169602496,segment1,19853.5345777391,7329.76727791258,7557.33816908669,7509.58660259652,segment2,8104.38093725915,-1.2509590150608,-1.60740115477409,-1.58781830651288,segment2,-3.72321528126479
285,9,0.574,7.11326,104837.865009179,40.9841444648429,40.9841444648429,54.5004569449068,56.9420515761353,segment2,18.5581999847296,1382.78185237064,23201.7566178966,23703.64485535,segment1,27128.5297109285,5950.4132231405,17927.2727272727,17324.6361880966,segment1,19853.5345777391,7183.45137322521,7579.54335911628,7598.20183866881,segment2,8104.38093725915,-2.3186687312328,-1.79452483072502,-1.6209117777428,segment2,-3.72321528126479
286,10,0.5725,7.12839,93700.8781939622,16.2352848754715,16.2352848754715,48.6589548741518,51.8151470230175,segment2,18.5581999847296,69.3972887208243,19918.289276154,21822.7583331141,segment1,27128.5297109285,3689.25619834711,14869.4214876033,15881.1679214138,segment1,19853.5345777391,7517.12790559087,7677.54372039052,7790.74656126936,segment2,8104.38093725915,-3.40818956081989,-2.01157696902195,-1.83807485331037,segment2,-3.72321528126479
287,11,0.571,7.14346,106530.900192519,44.7464448722647,44.7464448722647,46.0923428415519,46.6882424698997,segment2,18.5581999847296,40764.5451023543,20531.7995477835,19941.8718108782,segment1,27128.5297109285,19834.7107438017,13720.6611570248,14437.6996547309,segment1,19853.5345777391,8099.81235999564,7966.11380542861,7983.29128386991,segment2,8104.38093725915,-2.16209468301869,-2.11800339441701,-2.05523792887794,segment2,-3.72321528126479
288,12,0.5695,7.15781,106861.342772538,45.4807617167514,45.4807617167514,42.2614225847235,40.0906296334389,segment2,18.5581999847296,37893.244916578,20199.5460259732,19424.9068067902,segment1,27128.5297109285,29752.0661157025,13728.9256198347,14092.422837867,segment1,19853.5345777391,7810.73622085656,8194.53452171121,8189.28764770842,segment2,8104.38093725915,-2.13153493271633,-2.28309140858879,-2.38171906968644,segment2,-3.72321528126479
289,1,0.568,7.17244,105685.901045651,42.8686689903361,42.8686689903361,36.6583383921271,33.4930167969781,segment2,18.5581999847296,28655.8681594164,19408.2721665013,18907.9418027022,segment1,27128.5297109285,21818.1818181818,13737.1900826446,13747.146021003,segment1,19853.5345777391,8013.12806812146,8192.46997052509,8395.28401154694,segment2,8104.38093725915,-2.24024127941817,-2.53405321516984,-2.70820021049495,segment2,-3.72321528126479
290,2,0.5665,7.1874,106147.654338788,43.8947874195286,43.8947874195286,27.5710777982971,24.7586642841122,segment2,18.5581999847296,11680.676590819,18192.042947277,18432.7334266016,segment1,27128.5297109285,3966.94214876033,13745.4545454545,13578.3424683966,segment1,19853.5345777391,7251.98114892197,8535.85566904596,8571.19037454038,segment2,8104.38093725915,-2.19753774726829,-2.97038517166732,-3.17556801906171,segment2,-3.72321528126479
291,3,0.565,7.20182,104498.314507764,40.2295877950318,40.2295877950318,16.5595571885002,16.0243117712464,segment2,18.5581999847296,31246.9914439805,17684.0821985173,17957.5250505011,segment1,27128.5297109285,23801.652892562,13745.4545454545,13409.5389157901,segment1,19853.5345777391,9094.67838244208,8893.81192747138,8747.09673753383,segment2,8104.38093725915,-2.35007079369603,-3.56612950173776,-3.64293582762846,segment2,-3.72321528126479
292,4,0.5635,7.21645,104822.844389888,40.9507653108627,40.9507653108627,6.10982010956996,7.52739074583439,segment2,18.5581999847296,41008.3320584848,17952.9285484885,17765.6740688355,segment1,27128.5297109285,31735.5371900827,13745.4545454545,12866.3065581818,segment1,19853.5345777391,8948.26498627825,8909.85568855257,8832.67013408385,segment2,8104.38093725915,-2.32005785721921,-4.19285084941994,-4.10726592184378,segment2,-3.72321528126479
293,5,0.562,7.23085,98683.7348021721,27.3082995603825,27.3082995603825,-2.03943967380951,-0.969530279577574,segment2,18.5581999847296,12803.7686494699,18303.1860174479,17573.82308717,segment1,27128.5297109285,6148.76033057851,13067.7685950413,12323.0742005736,segment1,19853.5345777391,12794.1179066075,8902.58432492737,8918.24353063388,segment2,8104.38093725915,-2.91464195699558,-4.65577269917354,-4.57159601605909,segment2,-3.72321528126479
294,6,0.5605,7.2453,87420.7261128621,2.27939136191575,2.27939136191575,-8.8262599522015,-7.18990544160405,segment2,18.5581999847296,1728.30175281437,17183.6325031393,17480.3133339902,segment1,27128.5297109285,5950.4132231405,11304.132231405,11590.3412312286,segment1,19853.5345777391,7040.89721898388,8933.56939701072,8941.12768679431,segment2,8104.38093725915,-4.07451782965802,-4.98660923465342,-4.89144217609749,segment2,-3.72321528126479
295,7,0.559,7.25971,79045.4474689258,-16.3323389579427,-16.3323389579427,-15.267697673327,-13.4102806036305,segment2,18.5581999847296,5070.40517001636,15511.9836666177,17386.8035808105,segment1,27128.5297109285,6148.76033057851,9462.80991735537,10857.6082618836,segment1,19853.5345777391,7296.92348337417,8947.82072376882,8964.01184295475,segment2,8104.38093725915,-5.01859340443175,-5.29922387781899,-5.21128833613588,segment2,-3.72321528126479
296,8,0.5575,7.2737,58187.4747999338,-62.6833893334804,-62.6833893334804,-18.1868816220234,-17.0069682251017,segment2,18.5581999847296,719.318331981838,17239.7491119749,17202.145875142,segment1,27128.5297109285,6148.76033057851,9616.52892561984,10068.2422408202,segment1,19853.5345777391,15428.5306703953,8936.85296326844,9028.79707993839,segment2,8104.38093725915,-7.76598755200524,-5.43986703657208,-5.38242821402296,segment2,-3.72321528126479
297,9,0.556,7.28816,44314.9153766131,-93.511299163082,-93.511299163082,-18.5382831521488,-20.603655846573,segment2,18.5581999847296,-246.508017227733,18642.2947360682,17017.4881694734,segment1,27128.5297109285,5950.4132231405,9699.17355371901,9278.87621975674,segment1,19853.5345777391,7675.6381829525,9101.25187090558,9093.58231692202,segment2,8104.38093725915,-10.101504115979,-5.45517156599039,-5.55356809191004,segment2,-3.72321528126479
298,10,0.5545,7.30259,41366.6673740819,-100.062961390929,-100.062961390929,-20.4445586386782,-23.8674404300707,segment2,18.5581999847296,8150.9995576281,16085.0675944086,16040.0042690661,segment1,27128.5297109285,3689.25619834711,7699.17355371901,8187.69303773555,segment1,19853.5345777391,7409.99136181219,9243.71800962776,9268.52398925805,segment3,10127.513024988,-10.666666520446,-5.54058633807568,-5.71847407354161,segment2,-3.72321528126479
299,11,0.553,7.3172,70853.1053519011,-34.537543662442,-34.537543662442,-24.7251511197864,-27.1312250135684,segment2,18.5581999847296,41089.1220884731,14071.5581795731,15062.5203686588,segment1,27128.5297109285,3570.2479338843,6525.61983471075,7096.50985571435,segment1,19853.5345777391,8032.43617676957,9472.20496136104,9443.46566159408,segment3,10127.513024988,-6.0137421174791,-5.74901594107974,-5.88338005517318,segment2,-3.72321528126479
300,12,0.5515,7.3316,69241.4786065227,-38.1189364299497,-38.1189364299497,-30.5699480585782,-29.382079126307,segment2,18.5581999847296,10699.3835870516,13678.7642974422,14913.7552771914,segment1,27128.5297109285,3689.25619834711,6525.61983471075,6468.05026544423,segment1,19853.5345777391,8621.75413408299,9783.30308518778,9571.44875735004,segment3,10127.513024988,-6.21996434977314,-6.06865083659601,-6.00535468878979,segment2,-3.72321528126479
301,1,0.55,7.34571,73738.2378235112,-28.1261381699751,-28.1261381699751,-33.3826992684222,-31.6329332390457,segment2,18.5581999847296,15730.1574124251,15142.4557601794,14764.990185724,segment1,27128.5297109285,3689.25619834711,6525.61983471075,5839.59067517411,segment1,19853.5345777391,7544.14199708939,9882.57396989841,9699.43185310599,segment3,10127.513024988,-5.65456329833506,-6.23419161541817,-6.1273293224064,segment2,-3.72321528126479
302,2,0.5485,7.36032,106568.130915007,44.8291798111261,44.8291798111261,-32.616694569296,-31.7912963013485,segment2,18.5581999847296,66072.7580263825,16532.1143194544,15114.6207369272,segment1,27128.5297109285,25785.1239669422,6525.61983471075,5817.11206344447,segment1,19853.5345777391,7457.74096794481,9661.79237013682,9691.65116581016,segment3,10127.513024988,-2.15865153842537,-6.18760170748926,-6.13641210199039,segment2,-3.72321528126479
303,3,0.547,7.37519,100282.701406191,30.861558680425,30.861558680425,-31.6669279571934,-31.9496593636514,segment2,18.5581999847296,10516.0049866555,16377.6232580484,15464.2512881303,segment1,27128.5297109285,3966.94214876033,6525.61983471074,5794.63345171482,segment1,19853.5345777391,12834.4923467107,9424.60844789144,9683.87047851433,segment3,10127.513024988,-2.75626570857852,-6.1184766663805,-6.14549488157438,segment2,-3.72321528126479
304,4,0.5455,7.38992,88450.6822369441,4.56818274876475,4.56818274876475,-31.6308110353624,-32.2145580976729,segment2,18.5581999847296,365.867115979294,16050.4715436726,15561.7202335042,segment1,27128.5297109285,3570.2479338843,6525.61983471074,6081.93693695756,segment1,19853.5345777391,8627.63835134206,9508.59909413787,9661.21969543474,segment3,10127.513024988,-3.96381747238354,-6.12089746245733,-6.16782450942142,segment2,-3.72321528126479
305,5,0.544,7.40522,68825.4981591477,-39.0433374241162,-39.0433374241162,-33.0181470843413,-32.4794568316945,segment2,18.5581999847296,5122.00763592451,15492.1807538551,15659.1891788781,segment1,27128.5297109285,6148.76033057851,6525.61983471074,6369.24042220029,segment1,19853.5345777391,18598.4313831424,9590.86214118492,9638.56891235515,segment3,10127.513024988,-6.27319281392863,-6.21937717467068,-6.19015413726846,segment2,-3.72321528126479
306,6,0.5425,7.42019,54155.1558169342,-71.6440981845906,-71.6440981845906,-35.1812707601717,-34.7370328608684,segment2,18.5581999847296,-16.9904047823013,15104.4899705227,15483.1586747379,segment1,27128.5297109285,5950.4132231405,6525.61983471074,6608.93234012219,segment1,19853.5345777391,8702.93871429066,9552.2757899356,9606.1095698181,segment3,10127.513024988,-8.38720446511559,-6.35476301047201,-6.3285774868247,segment2,-3.72321528126479
307,7,0.541,7.43472,81933.3046985386,-9.91487844769206,-9.91487844769206,-37.8450007554581,-36.9946088900422,segment2,18.5581999847296,41944.2924333055,14877.3795314307,15307.1281705977,segment1,27128.5297109285,6148.76033057851,6525.61983471074,6848.62425804409,segment1,19853.5345777391,8017.38322112266,9550.43819459886,9573.65022728106,segment3,10127.513024988,-4.678885460706,-6.52104458338829,-6.46700083638094,segment2,-3.72321528126479
308,8,0.5395,7.44936,63572.4683208842,-50.7167370647017,-50.7167370647017,-40.2043861076347,-38.5249909375014,segment2,18.5581999847296,-2802.76350870717,14158.3825862644,15508.7424366113,segment1,27128.5297109285,6148.76033057851,5590.0826446281,6819.76119605996,segment1,19853.5345777391,9409.31253836865,9630.02335011577,9427.99797760683,segment3,10127.513024988,-6.98753770543718,-6.64978231162645,-6.5548081760101,segment2,-3.72321528126479
309,9,0.538,7.46388,49187.4012663709,-82.683552741398,-82.683552741398,-41.0554492247224,-40.0553729849605,segment2,18.5581999847296,-432.211650282905,13698.3968434549,15710.3567026249,segment1,27128.5297109285,5950.4132231405,4642.97520661157,6790.89813407583,segment1,19853.5345777391,8002.44218108992,9438.40003953275,9282.3457279326,segment3,10127.513024988,-9.22095297593685,-6.68667631592517,-6.64261551563925,segment2,-3.72321528126479
310,10,0.5365,7.47829,36884.2442400992,-110.023901688669,-110.023901688669,-39.4369149374885,-38.899809573142,segment2,18.5581999847296,485.062045664554,16537.847611507,16331.9800276926,segment1,27128.5297109285,3689.25619834711,6631.40495867769,7055.85122463302,segment1,19853.5345777391,9098.96287358921,9178.10222357404,9029.87945794145,segment3,10127.513024988,-11.605316766332,-6.61381206624207,-6.58562666337116,segment2,-3.72321528126479
311,11,0.535,7.49259,60352.2991569112,-57.8726685401974,-57.8726685401974,-35.4209538693722,-37.7442461613234,segment2,18.5581999847296,35356.0806448181,19134.3550682375,16953.6033527604,segment1,27128.5297109285,3570.2479338843,8631.40495867769,7320.80431519021,segment1,19853.5345777391,8317.77779412175,8695.76762890746,8777.41318795029,segment3,10127.513024988,-7.43860496471339,-6.41737617910312,-6.52863781110307,segment2,-3.72321528126479
312,12,0.5335,7.5071,56380.5491025448,-66.6987797721226,-66.6987797721226,-30.6908994331308,-34.6888729763059,segment2,18.5581999847296,7127.8462307277,19019.7711072784,18172.5587377588,segment1,27128.5297109285,3689.25619834711,8631.40495867769,8207.90185940141,segment1,19853.5345777391,7410.34008674693,8259.84165229207,8732.06831419203,segment3,10127.513024988,-8.0443615617709,-6.1522613067413,-6.37748881314459,segment2,-3.72321528126479
313,1,0.532,7.5218,57830.883378395,-63.4758147146778,-63.4758147146778,-30.9568259598819,-31.6334997912885,segment2,18.5581999847296,13851.0442305411,17190.6150726023,19391.5141227572,segment1,27128.5297109285,3689.25619834711,8631.40495867769,9094.9994036126,segment1,19853.5345777391,8711.45375634382,8678.87705096267,8686.72344043377,segment3,10127.513024988,-7.82092383632801,-6.16619196958499,-6.2263398151861,segment2,-3.72321528126479
314,2,0.5305,7.53607,96994.1235566159,23.5536079035909,23.5536079035909,-28.2369436599599,-24.5585655735634,segment2,18.5581999847296,50695.9445242759,22738.6111395562,23001.9055247487,segment1,27128.5297109285,3332.23140495868,12424.7933884297,11528.6022340923,segment1,19853.5345777391,8200.47294109624,9089.87071616157,8819.09247096414,segment3,10127.513024988,-3.0819964781482,-6.06656116966775,-5.85699825447746,segment2,-3.72321528126479
315,3,0.529,7.55039,100665.227100035,31.7116157778561,31.7116157778561,-16.4568726614979,-17.4836313558383,segment2,18.5581999847296,14853.1606613332,30882.7303662484,26612.2969267402,segment1,27128.5297109285,3689.25619834711,16466.1157024793,13962.2050645721,segment1,19853.5345777391,7492.80091956677,9115.58271446112,8951.46150149451,segment3,10127.513024988,-2.71837687202503,-5.47102132573815,-5.48765669376881,segment2,-3.72321528126479
316,4,0.5275,7.56489,105548.326845226,42.5629485449468,42.5629485449468,-3.65669673729516,-6.13304660378694,segment2,18.5581999847296,64175.5298745518,33239.9364398587,30702.8958176665,segment1,27128.5297109285,51570.2479338843,18378.5123966942,17186.0136941231,segment1,19853.5345777391,7722.18219547681,9101.3448772733,9020.96407959344,segment3,10127.513024988,-2.25296431654252,-4.74160101526646,-4.87104077673547,segment2,-3.72321528126479
317,5,0.526,7.57876,95100.2330865216,19.3449624144925,19.3449624144925,6.7649576406365,5.21753814826444,segment2,18.5581999847296,3628.52383888388,33968.2411831334,34793.4947085928,segment1,27128.5297109285,6148.76033057851,20224.7933884297,20409.8223236741,segment1,19853.5345777391,7927.85726700981,9053.70332463439,9090.46665769237,segment3,10127.513024988,-3.26958467843488,-4.14088476185056,-4.25442485970212,segment2,-3.72321528126479
318,6,0.5245,7.59343,78965.0088009674,-16.5110915534057,-16.5110915534057,15.5894364747002,16.2283951362181,segment2,18.5581999847296,-1273.52167075994,35891.4071070318,37910.8063849192,segment1,27128.5297109285,5950.4132231405,22814.8760330578,23708.8379129622,segment1,19853.5345777391,8911.28939165376,9105.51559864528,9141.0965868649,segment3,10127.513024988,-5.0280556639257,-3.67988381885671,-3.68165813475062,segment2,-3.72321528126479
319,7,0.523,7.60818,54251.4452255933,-71.4301217209038,-71.4301217209038,24.6295580455387,27.2392521241718,segment2,18.5581999847296,-698.921132941598,38631.848488132,41028.1180612456,segment1,27128.5297109285,6148.76033057851,25400,27007.8535022504,segment1,19853.5345777391,17865.882111854,9163.79378125477,9191.72651603743,segment3,10127.513024988,-8.37237017014431,-3.20369460041734,-3.10889140979911,segment2,-3.72321528126479
320,8,0.5215,7.62294,120629.056632987,76.0756814066386,76.0756814066386,35.4106651761176,36.2936462718524,segment2,18.5581999847296,172992.355664433,41984.6815982663,43718.4247725283,segment1,27128.5297109285,97190.0826446281,28000,30055.0547997405,segment1,19853.5345777391,9424.66161241093,9133.18338950586,9352.13545977017,segment3,10127.513024988,-0.902913797985178,-2.73657703671445,-2.70307677034271,segment2,-3.72321528126479
321,9,0.52,7.63742,119355.579737658,73.2457327503512,73.2457327503512,46.7877194344833,45.3480404195329,segment2,18.5581999847296,19231.5306171885,47603.0527298886,46408.7314838111,segment1,27128.5297109285,11900.826446281,33079.3388429752,33102.2560972306,segment1,19853.5345777391,8604.18106623686,9404.0394706489,9512.54440350291,segment3,10127.513024988,-1.01262062907841,-2.31294885091543,-2.2972621308863,segment2,-3.72321528126479
322,10,0.5185,7.65231,104957.965750201,41.251035000447,41.251035000447,51.816859492533,50.7186506631787,segment2,18.5581999847296,37394.2655448415,47547.2539738313,47125.6095857372,segment1,27128.5297109285,43636.3636363636,35570.2479338843,34520.371379249,segment1,19853.5345777391,8155.51589593476,9713.89301382479,9666.18277452767,segment3,10127.513024988,-2.3075616618699,-2.1238193654625,-2.08771441222678,segment2,-3.72321528126479
323,11,0.517,7.66668,104832.444928471,40.9720998410468,40.9720998410468,51.4851993499208,56.0892609068245,segment2,18.5581999847296,15926.1909842327,45185.117043409,47842.4876876633,segment1,27128.5297109285,7933.88429752066,35404.9586776859,35938.4866612675,segment1,19853.5345777391,8117.82750844217,9929.40542989856,9819.82114555243,segment3,10127.513024988,-2.31916998719399,-2.13967616270137,-1.87816669356725,segment2,-3.72321528126479
324,12,0.5155,7.68113,107204.774738873,46.2439438641628,46.2439438641628,54.26275593741,58.170094454526,segment2,18.5581999847296,72713.7180648752,46774.0454941784,46089.8584748869,segment1,27128.5297109285,61487.6033057851,35404.9586776859,35016.7342058094,segment1,19853.5345777391,8853.78494868806,10119.1863521224,9777.5806595655,segment3,10127.513024988,-2.09977390743796,-2.01295343568005,-1.80329975810536,segment2,-3.72321528126479
325,1,0.514,7.69553,104639.970707122,40.5443793491597,40.5443793491597,61.8096088869601,60.2509280022276,segment2,18.5581999847296,14035.7655427997,48528.7444144527,44337.2292621105,segment1,27128.5297109285,7933.88429752066,35404.9586776859,34094.9817503513,segment1,19853.5345777391,8666.68527703036,9727.70190946932,9735.34017357858,segment3,10127.513024988,-2.33697024811599,-1.6288405691906,-1.72843282264347,segment2,-3.72321528126479
326,2,0.5125,7.70973,166620.993238142,178.279984973648,178.279984973648,63.3451512669528,58.6399724285033,segment2,18.5581999847296,130979.21785524,41661.3990319504,40815.8514259184,segment1,27128.5297109285,61487.6033057851,31611.5702479339,31535.5731139789,segment1,19853.5345777391,7510.59201843578,9358.83471301984,9615.3249392099,segment3,10127.513024988,2.64487146250912,-1.51043369615901,-1.80016701090618,segment2,-3.72321528126479
327,3,0.511,7.72389,153910.543408859,150.034540908576,150.034540908576,57.479124917973,57.029016854779,segment2,18.5581999847296,69410.7944893031,34327.4396318514,37294.4735897263,segment1,27128.5297109285,67438.0165289256,27570.2479338843,28976.1644776065,segment1,19853.5345777391,14683.2277896602,9396.90355500808,9495.30970484123,segment3,10127.513024988,1.72183164649417,-1.76214620282701,-1.8719011991689,segment2,-3.72321528126479
328,4,0.5095,7.73842,106617.723163338,44.9393848074174,44.9393848074174,52.5034724444963,54.3420370443831,segment2,18.5581999847296,8278.72590120717,32835.7527599018,35736.320392324,segment1,27128.5297109285,47603.305785124,25657.8512396694,27412.9008389401,segment1,19853.5345777391,7968.24036160471,9416.94513329692,9477.47670467826,segment3,10127.513024988,-2.15406518419147,-1.98244842584357,-1.96954245400725,segment2,-3.72321528126479
329,5,0.508,7.75333,90448.9072281981,9.00868272932913,9.00868272932913,50.6892177165275,51.6550572339872,segment2,18.5581999847296,2834.04148209126,34295.1950232952,34178.1671949217,segment1,27128.5297109285,6148.76033057851,25728.9256198347,25849.6372002738,segment1,19853.5345777391,12854.0970866525,9382.68403104653,9459.64370451529,segment3,10127.513024988,-3.74904694451874,-2.06594678505181,-2.06718370884561,segment2,-3.72321528126479
330,6,0.5065,7.76781,113613.945804175,60.4865462315005,60.4865462315005,50.3508660885145,49.2349758354771,segment2,18.5581999847296,37655.2435044997,35984.5139102056,33702.692255831,segment1,27128.5297109285,5950.4132231405,26638.0165289256,25394.694823465,segment1,19853.5345777391,8539.79170538211,9498.75561388589,9442.35435907425,segment3,10127.513024988,-1.50724794933015,-2.08010489697692,-2.12131023628537,segment2,-3.72321528126479
331,7,0.505,7.78272,101108.520077526,32.6967112833919,32.6967112833919,50.0102880373043,46.8148944369669,segment2,18.5581999847296,2485.0877783825,35664.4371383134,33227.2173167402,segment1,27128.5297109285,6148.76033057851,26224.7933884297,24939.7524466561,segment1,19853.5345777391,8841.75317445285,9592.90387292832,9425.06501363321,segment3,10127.513024988,-2.67446908899302,-2.09435566500476,-2.17543676372512,segment2,-3.72321528126479
332,8,0.5035,7.79771,90355.839484975,8.80186552216668,8.80186552216668,44.5829628374722,44.0273975197913,segment2,18.5581999847296,4992.05757305178,33403.2718544672,33139.0570128819,segment1,27128.5297109285,6148.76033057851,26307.4380165289,24937.7272581744,segment1,19853.5345777391,9595.97783502464,9538.13017786286,9367.03785436137,segment3,10127.513024988,-3.7590499263784,-2.28896224984152,-2.2541867182063,segment2,-3.72321528126479
333,9,0.502,7.81206,86275.7123166882,-0.265083740692838,-0.265083740692838,38.5161663249473,41.2399006026157,segment2,18.5581999847296,11216.8031061947,32305.0589785877,33050.8967090235,segment1,27128.5297109285,5950.4132231405,25728.9256198347,24935.7020696927,segment1,19853.5345777391,9346.51705134097,9306.19178938921,9309.01069508954,segment3,10127.513024988,-4.1975846607171,-2.50577539502573,-2.33293667268747,segment2,-3.72321528126479
334,10,0.5005,7.82614,84300.7864576231,-4.65380787194858,-4.65380787194858,37.6720045012996,38.4875763406099,segment2,18.5581999847296,9608.50812904484,34065.6036015869,33282.6175484886,segment1,27128.5297109285,3689.25619834711,25233.0578512397,25192.9157369964,segment1,19853.5345777391,7894.17778976283,9212.41857098874,9285.93324244559,segment3,10127.513024988,-4.40985098262863,-2.53650047289188,-2.46039176121819,segment2,-3.72321528126479
335,11,0.499,7.84019,105895.673158986,43.334829242192,43.334829242192,37.1055630280579,35.7352520786041,segment2,18.5581999847296,78738.5627214719,33943.4109108081,33514.3383879538,segment1,27128.5297109285,49586.7768595041,24985.1239669421,25450.1294043001,segment1,19853.5345777391,7556.89916060466,9213.18560682481,9262.85578980164,segment3,10127.513024988,-2.2208412874331,-2.56186608134894,-2.58784684974892,segment2,-3.72321528126479
336,12,0.4975,7.8552,102487.348925817,35.7607753907048,35.7607753907048,32.7330216806002,30.6026776748216,segment2,18.5581999847296,50444.9996134844,32256.9286325012,33192.2624365722,segment1,27128.5297109285,41652.8925619835,24985.1239669421,25908.8846068804,segment1,19853.5345777391,12200.4312846703,9239.4482719151,9320.63114212694,segment3,10127.513024988,-2.53789729340161,-2.77098268754449,-2.89744876985344,segment2,-3.72321528126479
337,1,0.496,7.87018,105679.153567108,42.8536745935734,42.8536745935734,24.3498003793104,25.4701032710391,segment2,18.5581999847296,28622.6414687787,30616.2855892312,32870.1864851905,segment1,27128.5297109285,17851.2396694215,24985.1239669421,26367.6398094608,segment1,19853.5345777391,7579.59715806631,9403.61120786946,9378.40649445224,segment3,10127.513024988,-2.24086529482034,-3.20034259303275,-3.20705068995796,segment2,-3.72321528126479
338,2,0.4945,7.88495,106966.698219968,45.7148849332623,45.7148849332623,15.1761593277659,15.9385631188649,segment2,18.5581999847296,62124.3751169531,30281.4315100816,31463.1482432616,segment1,27128.5297109285,53553.7190082644,24985.1239669421,25953.2078215031,segment1,19853.5345777391,7283.11145582885,9424.44601633451,9397.78208022058,segment3,10127.513024988,-2.12179152686883,-3.75486075584329,-3.84093974826522,segment2,-3.72321528126479
339,3,0.493,7.89926,148043.436091764,136.996524648365,136.996524648365,4.61181075005551,6.40702296669079,segment2,18.5581999847296,111908.528206481,29530.4990912589,30056.1100013326,segment1,27128.5297109285,61487.6033057851,24985.1239669421,25538.7758335454,segment1,19853.5345777391,9344.18702889955,9370.98592033197,9417.15766598891,segment3,10127.513024988,1.2849791514511,-4.52639354061352,-4.47482880657249,segment2,-3.72321528126479
340,4,0.4915,7.91368,103367.882785038,37.7175173000838,37.7175173000838,-6.53916135867703,-5.55344202546041,segment2,18.5581999847296,8034.06313601076,28974.6363153332,27767.3781226369,segment1,27128.5297109285,41652.8925619835,24985.1239669421,23959.3083434596,segment1,19853.5345777391,11056.7238807541,9346.7832020744,9364.66603556928,segment3,10127.513024988,-2.45461455793597,-5.41775038880745,-5.32225933851445,segment2,-3.72321528126479
341,5,0.49,7.92838,87581.1796954878,2.6359548788618,2.6359548788618,-19.6068403676295,-17.5139070176116,segment3,-31.9687618772531,146.079668597176,25723.9782001199,25478.6462439411,segment1,27128.5297109285,6148.76033057851,23067.7685950413,22379.8408533738,segment1,19853.5345777391,9784.02242756856,9384.20827793363,9312.17440514964,segment3,10127.513024988,-4.05727217374383,-6.40878682755612,-6.1696898704564,segment3,-6.80681196416595
342,6,0.4885,7.94318,69258.2267843421,-38.0817182570175,-38.0817182570175,-31.7885616728273,-30.1022918730012,segment3,-31.9687618772531,-132.369361372221,22142.8739101198,22449.8080372047,segment2,18632.95721253,5950.4132231405,19568.5950413223,19666.9545689265,segment1,19853.5345777391,12240.170326633,9215.78075637293,9254.48754459139,segment3,10127.513024988,-6.21782126879819,-7.21120853052793,-6.98276054238793,segment3,-6.80681196416596
343,7,0.487,7.95728,54925.44904343,-69.9323354590443,-69.9323354590443,-41.7260151736486,-42.6906767283908,segment3,-31.9687618772531,897.267605773315,20895.3118617282,19420.9698304683,segment2,18632.9572125299,6148.76033057851,17396.694214876,16954.0682844792,segment1,19853.5345777391,9081.28501610686,9130.19902245818,9196.80068403314,segment3,10127.513024988,-8.26853350124324,-7.76300828308211,-7.79583121431946,segment3,-6.80681196416596
344,8,0.4855,7.97206,37463.5871623907,-108.736472972465,-108.736472972465,-51.4702166676171,-55.0311000856617,segment3,-31.9687618772531,-1456.62015392923,18375.3502961337,16215.6250525939,segment2,18632.9572125299,6148.76033057851,14714.0495867769,13748.3887395245,segment2,9277.00517745952,9856.48139653162,9205.91868187907,9215.40777452096,segment3,10127.513024988,-11.4734214215811,-8.28959411950045,-8.48909236693864,segment3,-6.80681196416596
345,9,0.484,7.98622,25073,-136.271111111111,-136.271111111111,-64.3490108859,-67.3715234429325,segment3,-31.9687618772531,-356.897218568162,12491.2441409828,13010.2802747195,segment2,18632.9572125299,5950.4132231405,10213.2231404959,10542.7091945698,segment2,9277.00517745946,7802.97118577302,9233.20569895067,9234.01486500878,segment3,10127.513024988,-15,-8.90481836664321,-9.18235351955783,segment3,-6.80681196416596
346,10,0.4825,8.00059,25073,-136.271111111111,-136.271111111111,-78.7187837438731,-77.2955682620859,segment3,-31.9687618772531,7841.50183159054,7941.74256329569,11386.0119791343,segment2,18632.9572125299,3689.25619834711,6218.18181818182,7965.34783830063,segment2,9277.00517745946,8856.85841714911,9349.68583143817,9357.15923641786,segment3,10127.513024988,-15,-9.64919820804177,-9.72414902620941,segment3,-6.80681196416596
347,11,0.481,8.01518,23992.5263199225,-138.672163733505,-138.672163733505,-88.9179542222645,-87.2196130812392,segment3,-31.9687618772531,2489.77425380683,8557.2724698748,9761.74368354917,segment2,18632.9572125299,3570.2479338843,4631.40495867769,5387.98648203148,segment2,9277.00517745946,7492.42035384009,9675.22152670961,9480.30360782695,segment3,10127.513024988,-15.4155668000298,-10.2834261145306,-10.265944532861,segment3,-6.80681196416596
348,12,0.4795,8.02967,52827.905668745,-74.5935429583445,-74.5935429583445,-91.720062478752,-89.6406624596586,segment3,-31.9687618772531,40747.2851211476,11959.2080268881,10899.1942421414,segment2,18632.9572125299,3689.25619834711,4631.40495867769,4527.3914037078,segment2,9277.00517745946,8222.64957397799,9748.47908386622,9652.81196370509,segment3,10127.513024988,-8.60129265212848,-10.4804954138382,-10.3667460097657,segment3,-6.80681196416596
349,1,0.478,8.04481,48014.0990153106,-85.2908910770876,-85.2908910770876,-89.5320964274566,-92.061711838078,segment3,-31.9687618772531,8378.86679971713,14259.0933105826,12036.6448007335,segment2,18632.9572125299,3689.25619834711,4631.40495867769,3666.79632538412,segment2,9277.00517745946,9503.41725480442,9802.83092905835,9825.32031958323,segment3,10127.513024988,-9.42066399739392,-10.3537261519805,-10.4675474866705,segment3,-6.80681196416596
350,2,0.4765,8.0593,59394.3766369055,-60.0013852513212,-60.0013852513212,-87.388001903755,-87.0388848450532,segment3,-31.9687618772531,21889.0722117457,14441.881340799,13911.6351844968,segment2,18632.9572125299,3332.23140495868,4631.40495867769,3643.88362571495,segment2,9277.00517745946,7176.56318519219,10005.361146692,9972.50343879522,segment3,10127.513024988,-7.58005289833537,-10.1851989656129,-10.038754064399,segment3,-6.80681196416596
351,3,0.475,8.07363,56524.7801173716,-66.3782664058409,-66.3782664058409,-80.2581166898757,-82.0160578520285,segment3,-31.9687618772531,10925.2833880679,16790.3056728504,15786.6255682601,segment2,18632.9572125299,3689.25619834711,4631.40495867769,3620.97092604577,segment2,9277.00517745946,10105.6237092546,10038.525732118,10119.6865580072,segment3,10127.513024988,-8.02214140850845,-9.61249409768656,-9.60996064212761,segment3,-6.80681196416596
352,4,0.4735,8.08841,39692.9918933208,-103.782240237065,-103.782240237065,-69.9237188848184,-72.4880235789103,segment3,-31.9687618772531,-170.729910067294,18573.25031418,17491.1209095334,segment2,18632.9572125299,3570.2479338843,4631.40495867769,4138.06155932825,segment2,9277.00517745946,13090.8103800992,10111.7602387093,10198.6858636237,segment3,10127.513024988,-11.0126101915418,-8.7639939850287,-8.88329258586919,segment3,-6.80681196416596
353,5,0.472,8.10308,41105.029420578,-100.644379065382,-100.644379065382,-60.4718833361667,-62.9599893057922,segment3,-31.9687618772531,23123.5904725738,18751.4076765888,19195.6162508066,segment2,18632.9572125299,6148.76033057851,4631.40495867768,4655.15219261073,segment2,9277.00517745946,15562.7926147381,10178.8609024278,10277.6851692403,segment3,10127.513024988,-10.7207462958706,-7.94893760140513,-8.15662452961078,segment3,-6.80681196416596
354,6,0.4705,8.11769,85471.6078891865,-2.05198246847444,-2.05198246847444,-52.7631268211991,-49.3350141831719,segment3,-31.9687618772531,58536.5732029709,18323.4986981126,22828.7009323012,segment2,18632.9572125299,5950.4132231405,4631.40495867769,7110.54200379598,segment2,9277.00517745946,8219.58151122194,10223.1533076995,10277.7682107791,segment3,10127.513024988,-4.28401033005304,-7.35714175948885,-7.35855183311459,segment3,-6.80681196416596
355,7,0.469,8.13227,62342.101292576,-53.4508860164978,-53.4508860164978,-37.0009036312951,-35.7100390605516,segment3,-31.9687618772531,-2574.42814990292,25808.2601426855,26461.7856137957,segment2,18632.9572125299,6148.76033057851,8527.27272727273,9565.93181498122,segment2,9277.00517745946,14406.3181161291,10187.986979956,10277.8512523179,segment3,10127.513024988,-7.15988215540324,-6.62138002532617,-6.56047913661841,segment3,-6.80681196416596
356,8,0.4675,8.1471,53203.1557692223,-73.7596538461727,-73.7596538461727,-17.6697241613196,-20.9641826131092,segment3,-31.9687618772531,6401.98832694164,33513.321645744,29862.2822448272,segment2,18632.9572125299,6148.76033057851,14598.347107438,13106.4138234517,segment2,9277.00517745946,9392.17351971681,10215.943776817,10209.3548053116,segment3,10127.513024988,-8.53742029460045,-5.75155588751715,-5.80341430796156,segment3,-6.80681196416596
357,9,0.466,8.16238,86336.1917030644,-0.130685104301309,-0.130685104301309,-6.65151105102666,-6.21832616566672,segment3,-31.9687618772531,48146.678269794,33472.0135852018,33262.7788758587,segment2,18632.9572125299,5950.4132231405,18272.7272727273,16646.8958319221,segment2,9277.00517745946,9063.22911281144,10241.0904128428,10140.8583583053,segment3,10127.513024988,-4.19108429674716,-5.2026076445129,-5.04634947930471,segment3,-6.80681196416596
358,10,0.4645,8.17716,75421.3045915545,-24.3859897965455,-24.3859897965455,3.00313387840136,3.75648822023765,segment3,-31.9687618772531,2128.59773513943,34317.519340286,33654.0352223454,segment2,18632.9572125299,3689.25619834711,19771.9008264463,18564.6936082487,segment2,9277.00517745946,9354.22864830222,10201.0282955972,9983.62827693173,segment3,10127.513024988,-5.44491299946426,-4.640236205137,-4.51627568741355,segment3,-6.80681196416596
359,11,0.463,8.1919,75724.0456538065,-23.71323188043,-23.71323188043,12.475131866856,13.731302606142,segment3,-31.9687618772531,12478.4550480677,33913.1653945252,34045.2915688322,segment2,18632.9572125299,3570.2479338843,19771.9008264463,20482.4913845753,segment2,9277.00517745946,8605.46605193139,9878.86547327431,9826.39819555816,segment3,10127.513024988,-5.40930059359999,-4.03808732290445,-3.98620189552238,segment3,-6.80681196416596
360,12,0.4615,8.20625,84350.9566965118,-4.54231845219607,-4.54231845219607,15.6540438409376,15.614516621151,segment3,-31.9687618772531,20488.788843459,30800.3930541407,32210.2634990572,segment2,18632.9572125299,3689.25619834711,19771.9008264463,20730.5702347873,segment2,9277.00517745946,8172.62160240666,9597.98183935768,9678.9350073798,segment3,10127.513024988,-4.40445865256748,-3.82014746542888,-3.89878837901653,segment3,-6.80681196416596
361,1,0.46,8.22097,186723.058438507,222.951240974459,222.951240974459,14.0635338977017,17.4977306361601,segment3,-31.9687618772531,208271.637747155,28451.6004974138,30375.2354292822,segment2,18632.9572125299,97190.0826446282,19771.9008264463,20978.6490849992,segment2,9277.00517745946,8709.45336053204,9395.42914542369,9531.47181920145,segment3,10127.513024988,4.04078362294959,-3.90981711748565,-3.81137486251068,segment3,-6.80681196416596
362,2,0.4585,8.23577,129462.155489445,95.7047899765446,95.7047899765446,11.9605709486791,12.8421582413368,segment3,-31.9687618772531,6917.77733771243,28238.0626526872,29016.9001340311,segment2,18632.9572125299,55537.1900826446,19771.9008264463,20865.8174451984,segment2,9277.00517745946,8641.49020412969,9412.49515330112,9567.16316337675,segment3,10127.513024988,-0.165721211262365,-4.08336998232809,-4.15157443230393,segment3,-6.80681196416596
363,3,0.457,8.25435,105453.702855995,42.3526730133232,42.3526730133232,4.75543742421339,8.18658584651363,segment3,-31.9687618772531,24905.184809088,26196.9450106513,27658.5648387799,segment2,18632.9572125299,39669.4214876033,19771.9008264463,20752.9858053976,segment2,9277.00517745946,9244.21595493436,9667.35427021465,9602.85450755205,segment3,10127.513024988,-2.26171526347957,-4.65441890352954,-4.49177400209718,segment3,-6.80681196416596
364,4,0.4555,8.27247,95034.2343925196,19.1982986500435,19.1982986500435,-3.22892523051287,-1.07089890463449,segment3,-31.9687618772531,6141.50679093391,26037.5904697307,25984.0801703304,segment2,18632.9572125299,3570.2479338843,19771.9008264463,19902.1207144182,segment2,9277.00517745946,12990.7273205255,9858.65283791131,9795.10792690862,segment3,10127.513024988,-3.27612179154914,-5.23947810074784,-5.07146920301295,segment3,-6.80681196416596
365,5,0.454,8.2904,88061.3651966896,3.7030337704214,3.7030337704214,-8.62050995626931,-10.3283836557826,segment3,-31.9687618772531,7106.85907331169,27509.5755343952,24309.595501881,segment2,18632.9572125299,6148.76033057851,19771.9008264463,19051.2556234387,segment2,9277.00517745946,7930.96793856312,10163.8878345394,9987.36134626518,segment3,10127.513024988,-4.00566152228188,-5.59664030437294,-5.65116440392871,segment3,-6.80681196416596
366,6,0.4525,8.30837,72847.5214331564,-30.1055079263191,-30.1055079263191,-15.9847595543903,-23.1232848993928,segment3,-31.9687618772531,-153.231566994889,26741.8117372797,21458.7617876885,segment2,18632.9572125299,5950.4132231405,19771.9008264463,16673.1915988608,segment2,9277.00517745946,9110.19897339786,10283.8232299879,10111.5283677538,segment3,10127.513024988,-5.76853852422826,-6.09810346766036,-6.35433589456616,segment3,-6.80681196416596
367,7,0.451,8.32637,57788.6803616579,-63.5695991963158,-63.5695991963158,-34.1565678979343,-35.918186143003,segment3,-31.9687618772531,-255.644741382559,17954.0237674277,18607.928073496,segment2,18632.9572125299,6148.76033057851,15876.0330578512,14295.1275742829,segment2,9277.00517745946,8654.43599953744,10255.3044641713,10235.6953892424,segment3,10127.513024988,-7.82742561059041,-7.04097395388305,-7.05750738520362,segment3,-6.80681196416596
368,8,0.4495,8.34424,35044.5768506962,-114.112051442897,-114.112051442897,-52.6263943905634,-46.2212673492155,segment3,-31.9687618772531,-1041.70335501635,11688.0433207925,17209.4647049634,segment2,18632.9572125299,6148.76033057851,9804.95867768595,11804.091270057,segment2,9277.00517745946,15553.6398253668,10194.5065647896,10255.1910070709,segment3,10127.513024988,-12.0351455956317,-7.88533511923338,-7.58679442388622,segment3,-6.80681196416596
369,9,0.448,8.36215,26679.328557361,-132.701492094753,-132.701492094753,-57.3174064148182,-56.524348555428,segment3,-31.9687618772531,6603.54654289136,15663.2415241206,15811.0013364308,segment2,18632.9572125299,5950.4132231405,7629.7520661157,9313.05496583121,segment2,9277.00517745946,9018.38161308608,10144.4448689196,10274.6866248993,segment3,10127.513024988,-14.3985331045508,-8.08920052006398,-8.11608146256883,segment3,-6.80681196416596
370,10,0.4465,8.3801,48847.0510662143,-83.4398865195239,-83.4398865195239,-56.6959395073859,-58.9539733582646,segment3,-31.9687618772531,39847.2204799478,18410.295245053,16843.201995961,segment2,18632.9572125299,3689.25619834711,8059.50413223141,8644.29668825008,segment2,9277.00517745946,13990.2417727475,10071.1310044771,10256.3152646685,segment3,10127.513024988,-9.27888492489967,-8.06161939046262,-8.24231684760362,segment3,-6.80681196416596
371,11,0.445,8.39807,44069.1841409772,-94.0573685756062,-94.0573685756062,-56.5652877687156,-61.3835981611011,segment3,-31.9687618772531,10087.4738552074,18600.422595415,17875.4026554912,segment2,18632.9572125299,3570.2479338843,8489.25619834711,7975.53841066895,segment2,9277.00517745946,11295.0928465602,10052.3731146663,10237.9439044378,segment3,10127.513024988,-10.1472215551671,-8.05757899058682,-8.36855223263841,segment3,-6.80681196416596
372,12,0.4435,8.41538,36471.9225496342,-110.940172111924,-110.940172111924,-57.3412104033602,-59.5724999632829,segment3,-31.9687618772531,4453.43890554613,18259.27963287,18488.1731065669,segment2,18632.9572125299,3689.25619834711,8489.25619834711,7934.43244100995,segment2,9277.00517745946,8361.44429854202,10119.1886201129,10143.6838131137,segment3,10127.513024988,-11.7016536098986,-8.09776258199737,-8.22878451393702,segment3,-6.80681196416596
373,1,0.442,8.43309,38346.5624751091,-106.774305610869,-106.774305610869,-57.8415392515698,-57.7614017654647,segment3,-31.9687618772531,13400.0764086198,18419.1848431248,19100.9435576427,segment2,18632.9572125299,3689.25619834711,8489.25619834711,7893.32647135095,segment2,9277.00517745946,7836.18028479771,10155.076626472,10049.4237217896,segment3,10127.513024988,-11.2909130890639,-8.12821070902638,-8.08901679523564,segment3,-6.80681196416596
374,2,0.4405,8.4508,78364.5253324484,-17.8454992612258,-17.8454992612258,-54.9824901901682,-51.6740755207725,segment3,-31.9687618772531,51405.8079570025,19686.0461301116,19974.7325922844,segment2,18632.9572125299,3332.23140495868,8489.25619834711,7977.630181646,segment2,9277.00517745946,8055.61369470452,9910.21785413378,9817.97287273604,segment3,10127.513024988,-5.09869246765689,-7.90566314878541,-7.65687915148091,segment3,-6.80681196416596
375,3,0.439,8.46844,105888.40315104,43.3186736689779,43.3186736689779,-45.3481816327746,-45.5867492760803,segment3,-31.9687618772531,75821.9110696739,22459.5920552306,20848.5216269261,segment2,18632.9572125299,39669.4214876033,8489.25619834711,8061.93389194106,segment2,9277.00517745946,8628.61176347904,9634.89700605637,9586.5220236825,segment3,10127.513024988,-2.22151362701931,-7.19546674248434,-7.22474150772618,segment3,-6.80681196416596
376,4,0.4375,8.48618,101311.376697744,33.1475037727652,33.1475037727652,-35.1215063258566,-36.097085041394,segment3,-31.9687618772531,21154.0698327256,22589.8706026499,21611.8390981293,segment2,18632.9572125299,13884.2975206612,8489.25619834711,8404.38446161276,segment2,9277.00517745946,11846.7987653601,9498.61051618973,9421.00473016211,segment3,10127.513024988,-2.65437631757683,-6.50045138159667,-6.5909742546175,segment3,-6.80681196416596
377,5,0.436,8.50392,83195.2616691036,-7.11052962421433,-7.11052962421433,-27.2174495589146,-26.6074208067076,segment3,-31.9687618772531,-3342.64755979211,21327.5044122206,22375.1565693326,segment2,18632.9572125299,6148.76033057851,8489.25619834711,8746.83503128446,segment2,9277.00517745946,8624.70713827019,9281.42266874963,9255.48743664171,segment3,10127.513024988,-4.53043739923496,-6.01517415772922,-5.95720700150882,segment3,-6.80681196416596
378,6,0.4345,8.52136,69333.6605065816,-37.9140877631521,-37.9140877631521,-19.1397709159748,-18.1481028482402,segment3,-31.9687618772531,2108.84396502816,21338.1291542267,22091.5725835123,segment2,18632.9572125299,5950.4132231405,8489.25619834711,8927.86877631831,segment2,9277.00517745946,10020.0319044096,9213.91756655664,9242.46695343727,segment3,10127.513024988,-6.20816884112838,-5.47844872005326,-5.41232300440648,segment3,-6.80681196416596
379,7,0.433,8.53906,55898.9897275683,-67.768911716515,-67.768911716515,-10.3241025393918,-9.68878488977277,segment3,-31.9687618772531,1320.00477270935,21734.5038044789,21807.9885976921,segment2,18632.9572125299,6148.76033057851,8489.25619834711,9108.90252135216,segment2,9277.00517745946,8605.91522114417,9278.19683666944,9229.44647023282,segment3,10127.513024988,-8.1185503423867,-4.8840036031674,-4.86743900730413,segment3,-6.80681196416596
380,8,0.4315,8.55734,67811.9973479229,-41.2955614490603,-41.2955614490603,-3.7320495639511,-6.76309579081788,segment3,-31.9687618772531,27787.3180185749,20734.951611711,19723.2745653837,segment2,18632.9572125299,6148.76033057851,8489.25619834711,8326.7120957085,segment2,9277.00517745946,9725.55006764176,9279.27157441565,9353.58644295967,segment3,10127.513024988,-6.40287941805209,-4.48309645302254,-4.66082739057591,segment3,-6.80681196416596
381,9,0.43,8.57563,97962.4404799862,25.7054232888582,25.7054232888582,-4.19562916055396,-3.83740669186299,segment3,-31.9687618772531,44339.6273721569,16278.5480230052,17638.5605330752,segment2,18632.9572125299,5950.4132231405,6990.0826446281,7544.52167006484,segment2,9277.00517745946,8238.77101695311,9497.07619684835,9477.72641568652,segment3,10127.513024988,-2.98608553090469,-4.49885903138604,-4.45421577384768,segment3,-6.80681196416596
382,10,0.4285,8.59362,88012.0324583033,3.59340546289617,3.59340546289617,-8.48592087955566,-4.8148511866766,segment3,-31.9687618772531,5237.82478874546,12875.9318703761,16020.4558549745,segment2,18632.9572125299,3689.25619834711,5061.15702479339,6283.13220002199,segment2,9277.00517745946,11498.9766120813,9745.40611913351,9604.16644170981,segment3,10127.513024988,-4.01096383724166,-4.70052423513575,-4.49728600894895,segment3,-6.80681196416596
383,11,0.427,8.61125,90268.0158318612,8.60670184858037,8.60670184858037,-12.1905977897389,-5.79229568149021,segment3,-31.9687618772531,14400.0809761061,12698.9061310229,14402.3511768738,segment2,18632.9572125299,3570.2479338843,4631.40495867769,5021.74272997913,segment2,9277.00517745946,8573.84966866396,9734.60578192774,9730.60646773311,segment3,10127.513024988,-3.76848927000628,-4.88876473557232,-4.54035624405021,segment3,-6.80681196416596
384,12,0.4255,8.62846,77512.0202024999,-19.7399551055557,-19.7399551055557,-8.90659795175285,-4.12592796409002,segment3,-31.9687618772531,395.825592792375,16045.8136332238,14689.5952492408,segment2,18632.9572125299,3689.25619834711,4879.33884297521,4506.74725628378,segment2,9277.00517745946,9462.5650238065,9688.67486315489,9809.02798348165,segment3,10127.513024988,-5.19897539083641,-4.74789205842921,-4.476552656842,segment3,-6.80681196416596
385,1,0.424,8.646,92515.6832893407,13.6015184207571,13.6015184207571,0.193921792788545,-2.45956024668984,segment3,-31.9687618772531,26970.6813274283,18894.2648860602,14976.8393216078,segment2,18632.9572125299,3689.25619834711,5127.27272727273,3991.75178258843,segment2,9277.00517745946,8277.76204224039,9671.75827374382,9887.44949923019,segment3,10127.513024988,-3.52690850286538,-4.29265499763566,-4.4127490696338,segment3,-6.80681196416596
386,2,0.4225,8.66451,95389.5766529759,19.9879481177243,19.9879481177243,8.12022299965623,0.566773279768059,segment3,-31.9687618772531,13845.9504117647,18583.8914939908,15137.7182467803,segment2,18632.9572125299,3332.23140495868,5127.27272727273,4061.45184863005,segment2,9277.00517745946,7639.82564317083,9889.78322362764,9931.37478498438,segment3,10127.513024988,-3.24092545037877,-3.88220769612634,-4.27939282618279,segment3,-6.80681196416596
387,3,0.421,8.68245,83856.6921872016,-5.6406840284409,-5.6406840284409,10.923919853676,3.59310680622596,segment3,-31.9687618772531,6428.0824859704,16507.190083036,15298.5971719529,segment2,18632.9572125299,3689.25619834711,5127.27272727273,4131.15191467166,segment2,9277.00517745946,14271.7107533976,10118.2537714544,9975.30007073858,segment3,10127.513024988,-4.45758252502137,-3.7413014957771,-4.14603658273178,segment3,-6.80681196416596
388,4,0.4195,8.69974,77007.9370963644,-20.8601397858568,-20.8601397858568,9.46269443477305,4.99774773117382,segment3,-31.9687618772531,8885.11075333241,14494.2616438818,15319.0975626504,segment2,18632.9572125299,3570.2479338843,5127.27272727273,4559.25440007359,segment2,9277.00517745946,12163.6179102853,10024.5403551154,9971.39809858556,segment3,10127.513024988,-5.25827230956776,-3.81135482324467,-4.07520686741781,segment3,-6.80681196416596
389,5,0.418,8.71702,67488.1906405041,-42.0151319099908,-42.0151319099908,7.18322189214088,6.40238865612168,segment3,-31.9687618772531,4677.69377512469,14021.0996697511,15339.597953348,segment2,18632.9572125299,6148.76033057851,5127.27272727273,4987.35688547551,segment2,9277.00517745946,8048.67990040649,9919.58958666289,9967.49612643253,segment3,10127.513024988,-6.44431341772182,-3.92784585751161,-4.00437715210384,segment3,-6.80681196416596
390,6,0.4165,8.73448,120507.929785431,75.8065106342905,75.8065106342905,4.93544370743741,5.95069369039428,segment3,-31.9687618772531,74414.2826829326,14027.5396732618,15509.6857920845,segment2,18632.9572125299,11900.826446281,5127.27272727273,5579.28516337893,segment2,9277.00517745946,9493.71709172506,9911.76712910559,9939.11889304206,segment3,10127.513024988,-0.913348571206853,-4.04617802874188,-4.01903919100849,segment3,-6.80681196416596
391,7,0.415,8.75242,103010.333689766,36.9229637550359,36.9229637550359,1.15765999074209,5.49899872466687,segment3,-31.9687618772531,-2622.60387712296,13364.935347752,15679.773630821,segment2,18632.9572125299,6148.76033057851,5127.27272727273,6171.21344128234,segment2,9277.00517745946,8726.23188796303,9937.66529299221,9910.74165965158,segment3,10127.513024988,-2.48768115326308,-4.25493729541426,-4.03370122991314,segment3,-6.80681196416596
392,8,0.4135,8.76984,106304.706419896,44.2437920442132,44.2437920442132,-4.21860772524329,2.23937322158325,segment3,-31.9687618772531,24280.9652587428,12768.2112106138,14984.2516365435,segment2,18632.9572125299,6148.76033057851,5127.27272727273,6229.39320677755,segment2,9277.00517745946,14837.8321980345,10060.2589555345,9857.03062839727,segment3,10127.513024988,-2.18301337095198,-4.54200873433303,-4.19827269702671,segment3,-6.80681196416596
393,9,0.412,8.78769,89749.6574314265,7.45479429205893,7.45479429205893,-7.84980954627433,-1.02025228150038,segment3,-31.9687618772531,-1994.85373092721,13384.1211048899,14288.729642266,segment2,18632.9572125299,5950.4132231405,5127.27272727273,6287.57297227277,segment2,9277.00517745946,8609.78203440175,9890.88919708111,9803.31959714297,segment3,10127.513024988,-3.8242027696231,-4.73132346561478,-4.36284416414029,segment3,-6.80681196416596
394,10,0.4105,8.80538,80443.5809827111,-13.2253755939752,-13.2253755939752,-11.1541644757421,-8.75790710381844,segment3,-31.9687618772531,3262.02335212868,13158.3863300441,12458.834368156,segment2,18632.9572125299,3689.25619834711,5127.27272727273,5655.66171210771,segment2,9277.00517745946,8878.84360249695,9518.07332103191,9735.87298455542,segment3,10127.513024988,-4.85412645774483,-4.92357417763929,-4.79630792515645,segment3,-6.80681196416596
395,11,0.409,8.82328,73218.1638470259,-29.2818581177202,-29.2818581177202,-15.1427446743909,-16.4955619261365,segment3,-31.9687618772531,5019.99503358777,12879.2230033711,10628.939094046,segment2,18632.9572125299,3570.2479338843,5127.27272727273,5023.75045194264,segment2,9277.00517745946,8675.16423538871,9546.81136549029,9668.42637196787,segment3,10127.513024988,-5.72111147190964,-5.18598871407581,-5.22977168617262,segment3,-6.80681196416596
396,12,0.4075,8.84104,70285.8677925378,-35.7980715721383,-35.7980715721383,-25.1733218173418,-29.643513683436,segment3,-31.9687618772531,9930.47161956554,9991.76883287481,8629.32777412359,segment2,18632.9572125299,3689.25619834711,4879.33884297521,4387.68120803368,segment2,9277.00517745946,9173.51147570657,9626.1897042275,9658.99808032918,segment3,10127.513024988,-6.08632529845963,-5.80089225578886,-6.06338371707838,segment3,-6.80681196416596
397,1,0.406,8.85931,58941.7715589934,-61.007174313348,-61.007174313348,-40.3724638415678,-42.7914654407354,segment3,-31.9687618772531,1533.53148842175,7181.86110997161,6629.71645420114,segment2,18632.9572125299,3689.25619834711,4631.40495867769,3751.61196412472,segment2,9277.00517745946,9188.37152361901,9558.55846189861,9649.56978869049,segment3,10127.513024988,-7.64978099537925,-6.79294894548621,-6.89699574798414,segment3,-6.80681196416596
398,2,0.4045,8.87673,70899.7970506811,-34.4337843318197,-34.4337843318197,-55.1103379257958,-57.0416979472184,segment3,-31.9687618772531,24961.7209594532,6899.90773769375,6204.98344795359,segment2,18632.9572125299,3332.23140495868,4631.40495867769,3686.29157050365,segment2,9277.00517745946,9671.46406280681,9740.66904378318,9710.56662847862,segment3,10127.513024988,-6.00776749191539,-7.84833667364392,-7.96656841990851,segment3,-6.80681196416596
399,3,0.403,8.89433,69129.4921223612,-38.3677952836419,-38.3677952836419,-69.1748126911273,-71.2919304537014,segment3,-31.9687618772531,10094.149400908,6522.6379873532,5780.25044170605,segment2,18632.9572125299,3689.25619834711,4631.40495867769,3620.97117688258,segment2,9277.00517745946,8175.19813088088,9946.58990236614,9771.56346826675,segment3,10127.513024988,-6.23429403424683,-8.95604350733108,-9.03614109183288,segment3,-6.80681196416596
400,4,0.4015,8.91226,56048.1039229528,-67.4375468378826,-67.4375468378826,-81.6961091850446,-80.6308194435906,segment3,-31.9687618772531,-198.59075790285,6488.37547461883,7052.4420120998,segment2,18632.9572125299,3570.2479338843,4631.40495867769,4019.66754514059,segment2,9277.00517745946,9312.54950762119,9981.92587674903,9846.80417626695,segment3,10127.513024988,-8.09557788893039,-10.1306418535908,-9.89365776424157,segment3,-6.80681196416596
401,5,0.4,8.92999,45371.3576685084,-91.1636496255368,-91.1636496255368,-90.9545698165292,-89.9697084334797,segment3,-31.9687618772531,7061.47544620574,7577.16127303691,8324.63358249355,segment2,18632.9572125299,6148.76033057851,4631.40495867768,4418.3639133986,segment2,9277.00517745946,11589.4613700716,9983.39007135769,9922.04488426714,segment3,10127.513024988,-9.90495671283557,-10.968424177575,-10.7511744366503,segment3,-6.80681196416596
402,6,0.3985,8.94741,34294.5296135567,-115.778823080985,-115.778823080985,-93.9487857623352,-91.7516638967882,segment3,-31.9687618772531,2731.60091994171,10355.0990199648,10743.5343296139,segment2,18632.9572125299,5950.4132231405,4631.40495867769,5311.66952263526,segment2,9277.00517745946,7858.01575175298,9942.4177097302,9991.5549430595,segment3,10127.513024988,-12.2103902772064,-11.189224020642,-11.0412985009912,segment3,-6.80681196416596
403,7,0.397,8.96616,25073,-136.271111111111,-136.271111111111,-92.3931092357407,-93.5336193600966,segment3,-31.9687618772531,1622.29253619127,12449.5226666158,13162.4350767342,segment2,18632.9572125299,6148.76033057851,4631.40495867769,6204.97513187192,segment2,9277.00517745946,8738.78341204173,9989.38974380102,10061.0650018519,segment3,10127.513024988,-15,-11.0958175559101,-11.3314225653322,segment3,-6.80681196416596
404,8,0.3955,8.98386,25073,-136.271111111111,-136.271111111111,-88.2265021469338,-89.1491865066359,segment3,-31.9687618772531,13269.1879107599,15539.0830557423,15565.3512114936,segment2,18632.9572125299,6148.76033057851,6393.38842975207,7234.18280788104,segment2,9277.00517745946,19195.9346391855,10142.0479088574,10231.8730219987,segment3,10127.513024988,-15,-10.8751254324572,-11.1216367350004,segment3,-6.80681196416596
405,9,0.394,9.00116,19085.036385742,-149.577696920573,-149.577696920573,-82.7578644146253,-84.7647536531753,segment3,-31.9687618772531,-37.5503911175305,18022.9759513746,17968.2673462529,segment2,18632.9572125299,5950.4132231405,8155.37190082645,8263.39048389015,segment2,9277.00517745946,9193.78019924161,10278.0435438398,10402.6810421455,segment3,10127.513024988,-17.5921801490669,-10.6008150213616,-10.9118509046687,segment3,-6.80681196416596
406,10,0.3925,9.01852,15878.199894089,-156.704000235358,-156.704000235358,-76.3974188448353,-76.0942287026848,segment3,-31.9687618772531,482.419706694165,19195.1425479272,19796.7963496055,segment2,18632.9572125299,3689.25619834711,8585.12396694215,8771.34196372838,segment2,9277.00517745946,9142.90882284649,10619.14454741,10717.1163475394,segment3,10127.513024988,-19.2765093885351,-10.2610563911473,-10.35339081565,segment3,-6.80681196416596
407,11,0.391,9.03649,37792.170115614,-108.006288631969,-108.006288631969,-66.6957117617081,-67.4237037521943,segment3,-31.9687618772531,33930.4578410563,22176.2625996357,21625.325352958,segment2,18632.9572125299,3570.2479338843,9502.47933884298,9279.2934435666,segment2,9277.00517745946,8446.23968564702,11179.3415462159,11031.5516529333,segment3,10127.513024988,-11.4055043167396,-9.71924595489821,-9.79493072663142,segment3,-6.80681196416596
408,12,0.3895,9.05376,73374.3293092449,-28.9348237572336,-28.9348237572336,-55.1513505487591,-55.8271745610859,segment3,-31.9687618772531,47690.5147383666,23782.7535580902,22830.9186442589,segment2,18632.9572125299,3689.25619834711,9990.0826446281,9401.1567926316,segment2,9277.00517745946,8419.09934638862,11469.0348404654,11172.8775059305,segment3,10127.513024988,-5.70112868723672,-9.01363204794818,-8.93773946971448,segment3,-6.80681196416596
409,1,0.388,9.07172,72654.6165295066,-30.5341854899852,-30.5341854899852,-44.5106163678909,-44.2306453699776,segment3,-31.9687618772531,14039.6558892454,23550.5878713113,24036.5119355598,segment2,18632.9572125299,3689.25619834711,9990.0826446281,9523.0201416966,segment2,9277.00517745946,11070.1124706365,11475.0129184199,11314.2033589277,segment3,10127.513024988,-5.79322245303814,-8.22452169471243,-8.08054821279754,segment3,-6.80681196416596
410,2,0.3865,9.08923,102186.308639283,35.0917969761847,35.0917969761847,-33.4408323322055,-30.4510759982974,segment3,-31.9687618772531,86605.0458976635,24134.1159646323,25715.6728525398,segment2,18632.9572125299,45619.8347107438,9990.0826446281,10174.9678759322,segment2,9277.00517745946,11453.5190771434,11193.8340499116,11288.6908112669,segment3,10127.513024988,-2.56771507138637,-7.33886610010673,-7.01035163548342,segment3,-6.80681196416596
411,3,0.385,9.10704,96904.2680426905,23.3539289837567,23.3539289837567,-18.3475044255836,-16.6715066266172,segment3,-31.9687618772531,8064.25395787491,27789.8242912939,27394.8337695198,segment2,18632.9572125299,3689.25619834711,11229.7520661157,10826.9156101677,segment2,9277.00517745946,9657.03835612037,10913.0579107372,11263.178263606,segment3,10127.513024988,-3.09089658848151,-6.18866425356561,-5.9401550581693,segment3,-6.80681196416596
412,4,0.3835,9.12439,96966.1401563555,23.4914225696789,23.4914225696789,-1.54987692745839,-3.12275118534715,segment3,-31.9687618772531,29963.3030023923,30877.4416466245,29110.6836971908,segment2,18632.9572125299,13884.2975206612,12563.6363636364,12352.0299295736,segment2,9277.00517745946,16017.1333680661,11135.8274431171,11282.6614210096,segment3,10127.513024988,-3.08476820955278,-4.82150319593485,-4.96243110364048,segment3,-6.80681196416596
413,5,0.382,9.14205,109231.757932879,50.7483509619541,50.7483509619541,12.5561267271416,10.4260042559229,segment3,-31.9687618772531,48446.4629269147,31353.2827722223,30826.5336248618,segment2,18632.9572125299,17851.2396694215,13666.1157024793,13877.1442489794,segment2,9277.00517745946,18329.6054809694,11339.4654251729,11302.1445784131,segment3,10127.513024988,-1.91231592223443,-3.75124347104815,-3.98470714911165,segment3,-6.80681196416596
414,6,0.3805,9.16027,95113.2304490352,19.3738454423005,19.3738454423005,21.9454532191656,19.5846302848049,segment3,-31.9687618772531,-97.6035578602954,32043.1694243324,31532.9242510072,segment2,18632.9572125299,5950.4132231405,16504.132231405,15726.7089696412,segment2,9277.00517745946,8070.51070284331,11313.8402715166,11252.5392284828,segment3,10127.513024988,-3.26829730100681,-3.22053202722006,-3.43357438192604,segment3,-6.80681196416596
415,7,0.379,9.1781,79174.2283178973,-16.0461592935615,-16.0461592935615,28.0746060133862,28.7432563136869,segment3,-31.9687618772531,-1120.47946870013,32239.4295434733,32239.3148771527,segment2,18632.9572125299,6148.76033057851,18262.8099173554,17576.273690303,segment2,9277.00517745946,8669.76233185926,11218.5008687187,11202.9338785524,segment3,10127.513024988,-5.00344449854165,-2.9250044412274,-2.88244161474043,segment3,-6.80681196416596
416,8,0.3775,9.19648,90525.4392675049,9.17875392778864,9.17875392778864,31.3058756888447,31.4906244500155,segment3,-31.9687618772531,30016.6341553554,30761.3032999668,31408.3565963379,segment2,18632.9572125299,6148.76033057851,18274.3801652893,18375.8967987073,segment2,9277.00517745946,12516.6628751694,11032.8517807212,10994.0050983904,segment3,10127.513024988,-3.74082123092163,-2.76961203118338,-2.73515501967957,segment3,-6.80681196416596
417,9,0.376,9.21381,116640.538509754,67.2123077994541,67.2123077994541,31.1493938609996,34.2379925863442,segment3,-31.9687618772531,70952.0032041648,29219.5914328852,30577.3983155231,segment2,18632.9572125299,35702.479338843,18357.0247933884,19175.5199071116,segment2,9277.00517745946,9134.42462307238,10932.9834620271,10785.0763182285,segment3,10127.513024988,-1.24651460115828,-2.77687107101855,-2.58786842461872,segment3,-6.80681196416596
418,10,0.3745,9.23076,99737.0747498286,29.6490549996192,29.6490549996192,30.0591006454679,31.1475373095281,segment3,-31.9687618772531,3595.68263934805,28081.595334219,28779.024769006,segment2,18632.9572125299,5950.4132231405,17927.2727272727,18776.3519364534,segment2,9277.00517745946,14548.7331761332,10644.9545539356,10681.1701444056,segment3,10127.513024988,-2.81030955330544,-2.82693285538466,-2.75076979060463,segment3,-6.80681196416596
419,11,0.373,9.24895,106278.134729555,44.184743843455,44.184743843455,25.6657630711968,28.0570820327121,segment3,-31.9687618772531,42237.3819227478,25425.2175649652,26980.6512224889,segment2,18632.9572125299,27768.5950413223,17009.9173553719,18377.1839657951,segment2,9277.00517745946,7927.72690169941,10392.3021180153,10577.2639705828,segment3,10127.513024988,-2.18547075468837,-3.03745034320423,-2.91367115659054,segment3,-6.80681196416596
420,12,0.3715,9.26674,106293.090809163,44.2179795759185,44.2179795759185,18.092329887874,19.3040151224265,segment3,-31.9687618772531,55940.8703073176,23782.3490522991,24812.2818583416,segment2,18632.9572125299,47603.305785124,16522.3140495868,17476.2080155274,segment2,9277.00517745946,8322.60844258521,10668.0799352076,10665.7102769496,segment3,10127.513024988,-2.18408759741391,-3.43749240031549,-3.44823194750583,segment3,-6.80681196416596
421,1,0.37,9.28437,105930.705207171,43.4126782381567,43.4126782381567,9.86948877511157,10.550948212141,segment3,-31.9687618772531,10499.5431796761,23803.6859287272,22643.9124941944,segment2,18632.9572125299,1983.47107438016,16522.3140495868,16575.2320652596,segment2,9277.00517745946,8878.45770728874,10981.6503798835,10754.1565833165,segment3,10127.513024988,-2.21760147903717,-3.97458890132359,-3.98279273842112,segment3,-6.80681196416596
422,2,0.3685,9.30177,103807.932456571,38.6954054590456,38.6954054590456,-0.450006737652426,-2.79758694026417,segment3,-31.9687618772531,54670.1287630762,22638.8141275732,20365.2514110141,segment2,18632.9572125299,47603.305785124,16522.3140495868,15459.4141650651,segment2,9277.00517745946,9189.59572855236,10984.6997808903,10805.348885472,segment3,10127.513024988,-2.41391820433083,-4.75489874001465,-4.89367976365076,segment3,-6.80681196416596
423,3,0.367,9.31924,93592.6404846766,15.9947566326148,15.9947566326148,-15.1696444584255,-16.1461220926694,segment3,-31.9687618772531,2998.08628250521,18749.4714448815,18086.5903278339,segment2,18632.9572125299,3689.25619834711,15282.6446280992,14343.5962648706,segment2,9277.00517745946,9524.12205605197,10902.9256294775,10856.5411876276,segment3,10127.513024988,-3.41891041158115,-5.82946409250124,-5.8045667888804,segment3,-6.80681196416596
424,4,0.3655,9.33699,88502.6009866262,4.68355774805829,4.68355774805829,-30.6931493202759,-30.7205495026265,segment3,-31.9687618772531,7717.56430977382,16450.3862596603,16265.1960770253,segment2,18632.9572125299,3570.2479338843,13948.7603305785,12874.3944416401,segment2,9277.00517745946,9237.35587393994,10662.8733492887,10840.6306953543,segment3,10127.513024988,-3.95823721123963,-6.93430925273003,-6.82965896589093,segment3,-6.80681196416596
425,5,0.364,9.35538,70247.251300481,-35.883885998931,-35.883885998931,-45.076421461081,-45.2949769125836,segment3,-31.9687618772531,6939.13515744166,15349.0261495833,14443.8018262168,segment2,18632.9572125299,6148.76033057851,12846.2809917355,11405.1926184095,segment2,9277.00517745946,19045.7245130083,10546.8536189802,10824.720203081,segment3,10127.513024988,-6.0912666282174,-7.96766022773848,-7.85475114290147,segment3,-6.80681196416596
426,6,0.3625,9.373,52304.6587015474,-75.7563139965614,-75.7563139965614,-56.8037730017855,-55.6589104815181,segment3,-31.9687618772531,1980.87990762516,13615.6372855109,14044.1964369135,segment2,18632.9572125299,5950.4132231405,10008.2644628099,10027.6124546156,segment2,9277.00517745946,13973.0592834183,10852.282779184,10923.6771977073,segment3,10127.513024988,-8.69035596569404,-8.71767420043092,-8.55754476630258,segment3,-6.80681196416596
427,7,0.361,9.39055,33176.1160475511,-118.264186560998,-118.264186560998,-64.7668569322266,-66.0228440504525,segment3,-31.9687618772531,-2686.87789991088,13752.0164476193,13644.5910476102,segment2,18632.9572125299,6148.76033057851,8249.5867768595,8650.03229082175,segment2,9277.00517745946,10292.9044235069,11053.4192026243,11022.6341923337,segment3,10127.513024988,-12.4717018580488,-9.12194914624293,-9.26033838970369,segment3,-6.80681196416596
428,8,0.3595,9.4077,25073,-136.271111111111,-136.271111111111,-70.6553284318066,-70.5036337972031,segment3,-31.9687618772531,3626.10935886994,12971.5795385391,13828.7268762529,segment2,18632.9572125299,6148.76033057851,6476.03305785124,7527.06546781843,segment2,9277.00517745946,10966.7064076853,11112.9604186648,11064.5387853964,segment3,10127.513024988,-15,-9.41025621031043,-9.53204824762672,segment3,-6.80681196416596
429,9,0.358,9.42581,23120.89039291,-140.6091324602,-140.6091324602,-72.9032544992038,-74.9844235439537,segment3,-31.9687618772531,3998.30361605047,12821.5308154693,14012.8627048957,segment2,18632.9572125299,5950.4132231405,4631.40495867769,6404.09864481512,segment2,9277.00517745946,8721.80145664764,11169.2943502863,11106.4433784591,segment3,10127.513024988,-15.776904291758,-9.51556300820667,-9.80375810554975,segment3,-6.80681196416596
430,10,0.3565,9.44329,25602.8703586886,-135.093621425136,-135.093621425136,-72.1395371441707,-74.7848979783375,segment3,-31.9687618772531,15371.3377821529,14137.3737808299,14105.6065017741,segment2,18632.9572125299,3689.25619834711,4631.40495867769,5551.44690568828,segment2,9277.00517745946,9200.10161802717,11129.8977755532,11156.3601452954,segment3,10127.513024988,-14.7962037081967,-9.48016753978796,-9.75495488888663,segment3,-6.80681196416596
431,11,0.355,9.46113,25073,-136.271111111111,-136.271111111111,-71.7283817362683,-74.5853724127212,segment3,-31.9687618772531,4029.08413809549,14135.980410161,14198.3502986526,segment2,18632.9572125299,3570.2479338843,4631.40495867769,4698.79516656145,segment2,9277.00517745946,10491.8849324004,11287.1572810932,11206.2769121317,segment3,10127.513024988,-15,-9.46738069053188,-9.70615167222351,segment3,-6.80681196416596
432,12,0.3535,9.47884,60842.8288991094,-56.7826024464235,-56.7826024464235,-72.7667774653127,-72.570597145546,segment3,-31.9687618772531,52547.8353542329,13727.120369611,14225.9691775829,segment2,18632.9572125299,3689.25619834711,4631.40495867769,4182.79595933043,segment2,9277.00517745946,13088.7502567764,11530.5952521692,11362.4733831152,segment3,10127.513024988,-7.36989369672094,-9.53990988989807,-9.50603440554523,segment3,-6.80681196416596
433,1,0.352,9.49678,65379.6606684601,-46.7007540700887,-46.7007540700887,-71.9881937173298,-70.5558218783708,segment3,-31.9687618772531,17165.6780233625,14550.2265100611,14253.5880565133,segment2,18632.9572125299,3689.25619834711,4631.40495867769,3666.79675209942,segment2,9277.00517745946,8939.59005566468,11536.060627957,11518.6698540986,segment3,10127.513024988,-6.73439407921836,-9.45931600973815,-9.30591713886695,segment3,-6.80681196416596
434,2,0.3505,9.51502,80763.484799817,-12.5144782226289,-12.5144782226289,-70.6379571014272,-69.1326825394299,segment3,-31.9687618772531,29273.5081014633,15083.0912180018,14241.9125235542,segment2,18632.9572125299,3332.23140495868,4631.40495867769,3643.88405855482,segment2,9277.00517745946,10557.4525651477,11723.15016395,11729.406932674,segment3,10127.513024988,-4.81649514176956,-9.33400097487761,-9.16495626035688,segment3,-6.80681196416596
435,3,0.349,9.5328,92359.486613541,13.2544146967577,13.2544146967577,-70.5931512470071,-67.709543200489,segment3,-31.9687618772531,24793.5375904439,14813.2449109634,14230.236990595,segment2,18632.9572125299,3689.25619834711,4631.40495867769,3620.97136501022,segment2,9277.00517745946,9508.27957837283,11926.9776633891,11940.1440112493,segment3,10127.513024988,-3.54369662365207,-9.32543934664447,-9.0239953818468,segment3,-6.80681196416596
436,4,0.3475,9.55064,97983.9022921196,25.7531162047103,25.7531162047103,-70.9407076154815,-68.6296128911854,segment3,-31.9687618772531,17502.3441704886,14253.3443432431,13951.5606887106,segment2,18632.9572125299,3570.2479338843,4631.40495867769,4092.85404040592,segment2,9277.00517745946,8307.68055802561,11932.6488164021,12064.7239915141,segment3,10127.513024988,-2.98395975711966,-9.38888894327265,-9.1562202918687,segment3,-6.80681196416596
437,5,0.346,9.56798,65206.4284003332,-47.0857146659262,-47.0857146659262,-71.3330698383759,-69.5496825818817,segment3,-31.9687618772531,-2879.08559932613,13870.7238513325,13672.8843868261,segment2,18632.9572125299,6148.76033057851,4631.40495867768,4564.73671580163,segment2,9277.00517745946,23749.6279618818,12197.5043911396,12189.3039717789,segment3,10127.513024988,-6.75865970019146,-9.46090016813397,-9.28844520189061,segment3,-6.80681196416596
438,6,0.3445,9.58544,46130.8077280154,-89.4759828266324,-89.4759828266324,-74.6450910327379,-70.4719401996795,segment3,-31.9687618772531,1986.45969119218,12058.2773880498,15114.0041213821,segment2,18632.9572125299,5950.4132231405,4631.40495867769,6223.35427652542,segment2,9277.00517745946,15111.6671403695,12248.9010120639,12236.969744425,segment3,10127.513024988,-9.76366367850875,-9.77882126410393,-9.52391767415647,segment3,-6.80681196416596
439,7,0.343,9.60373,47758.671499299,-85.8585077793356,-85.8585077793356,-72.7267005607614,-71.3941978174773,segment3,-31.9687618772531,17062.0896873263,16372.1364347358,16555.123855938,segment2,18632.9572125299,6148.76033057851,7039.6694214876,7881.97183724921,segment2,9277.00517745946,9285.46558546425,12137.7408362117,12284.6355170711,segment3,10127.513024988,-9.4641410213959,-9.84931647154701,-9.75939014642234,segment3,-6.80681196416596
440,8,0.3415,9.62146,25073,-136.271111111111,-136.271111111111,-65.3237327846752,-69.2897974125271,segment3,-31.9687618772531,-3334.10523779013,22210.5685391251,19239.7369673969,segment2,18632.9572125299,6148.76033057851,10383.4710743802,10118.2358604304,segment2,9277.00517745946,16464.2941095596,12164.3115008591,12220.2911689262,segment3,10127.513024988,-15,-9.50016803164274,-9.77817448924786,segment3,-6.80681196416596
441,9,0.34,9.63947,23604.7936206469,-139.533791954118,-139.533791954118,-61.8964884530251,-67.1853970075769,segment3,-31.9687618772531,4482.20684378743,21697.6995508954,21924.3500788557,segment2,18632.9572125299,5950.4132231405,11743.8016528926,12354.4998836116,segment2,9277.00517745946,8116.07374131141,12080.1874841131,12155.9468207813,segment3,10127.513024988,-15.5714252141626,-9.34327084093602,-9.79695883207338,segment3,-6.80681196416596
442,10,0.3385,9.65703,21365.3583514283,-144.510314774604,-144.510314774604,-57.5938951783257,-60.7087926603227,segment3,-31.9687618772531,1449.82092912847,24913.3662301521,24354.4923377775,segment2,18632.9572125299,3689.25619834711,14499.173553719,14072.4642956556,segment2,9277.00517745946,9941.93700567514,12146.5752381713,11947.7123448933,segment3,10127.513024988,-16.5244731048683,-9.16583734550618,-9.47393153348002,segment3,-6.80681196416596
443,11,0.337,9.67476,25073,-136.271111111111,-136.271111111111,-50.4906620837085,-54.2321883130686,segment3,-31.9687618772531,8767.70918526595,28267.0817529844,26784.6345966992,segment2,18632.9572125299,3570.2479338843,16829.7520661157,15790.4287076997,segment2,9277.00517745946,16106.5833384523,11909.4243296439,11739.4778690053,segment3,10127.513024988,-15,-8.84252524874567,-9.15090423488665,segment3,-6.80681196416596
444,12,0.3355,9.69233,25073,-136.271111111111,-136.271111111111,-42.0870947295384,-45.0031430774121,segment3,-31.9687618772531,4310.49518827813,28291.7503417048,27823.2133936556,segment2,18632.9572125299,3689.25619834711,16829.7520661157,16448.2866108207,segment2,9277.00517745946,8707.57075290752,11348.9425015655,11499.9369328944,segment3,10127.513024988,-15,-8.37917431263028,-8.55116390215335,segment3,-6.80681196416596
445,1,0.334,9.71054,121868.106664916,78.829125922035,78.829125922035,-35.1244008566705,-35.7740978417556,segment3,-31.9687618772531,168935.635309781,27544.4588520659,28861.7921906119,segment2,18632.9572125299,61487.6033057851,16829.7520661157,17106.1445139417,segment2,9277.00517745946,10652.9253390808,11250.0440785125,11260.3959967836,segment3,10127.513024988,-0.796172754573092,-7.94659795595965,-7.95142356942005,segment3,-6.80681196416596
446,2,0.3325,9.72762,104227.090785092,39.6268684113155,39.6268684113155,-29.2816783279783,-26.267979108424,segment3,-31.9687618772531,17625.9213203868,27062.0192488343,29667.1363685284,segment2,18632.9572125299,25785.1239669422,16829.7520661157,17456.8432308994,segment2,9277.00517745946,9481.81323326846,11135.6962393838,11155.9544933409,segment3,10127.513024988,-2.37515390871249,-7.46367750284847,-7.18987856373357,segment3,-6.80681196416596
447,3,0.331,9.74508,105910.119410088,43.3669320224182,43.3669320224182,-23.6354190268739,-16.7618603750924,segment3,-31.9687618772531,24132.268654007,27261.0020678024,30472.4805464449,segment2,18632.9572125299,13884.2975206612,16829.7520661157,17807.5419478571,segment2,9277.00517745946,8564.94250834964,10949.022430769,11051.5129898983,segment3,10127.513024988,-2.21950527974769,-6.88266178790645,-6.4283335580471,segment3,-6.80681196416596
448,4,0.3295,9.7629,130901.276862325,98.9028374718343,98.9028374718343,-13.9602352461681,-7.14073849650489,segment3,-31.9687618772531,95339.6134090862,31061.9661458869,31355.7857336967,segment2,18632.9572125299,59504.1322314049,17833.0578512397,18022.5580941733,segment2,9277.00517745946,10844.3237254443,11181.2475934511,10984.8681273463,segment3,10127.513024988,-0.049747210707892,-6.04283977793585,-5.6196901009372,segment3,-6.80681196416596
449,5,0.328,9.78097,109003.971251993,50.2421583377627,50.2421583377627,0.0365146931370086,2.48038338208264,segment3,-31.9687618772531,-227.182289947362,34932.4329508512,32239.0909209484,segment2,18632.9572125299,6148.76033057851,18836.3636363636,18237.5742404894,segment2,9277.00517745946,15521.3629898063,11080.4246443668,10918.2232647943,segment3,10127.513024988,-1.93338192435095,-4.97123378644305,-4.8110466438273,segment3,-6.80681196416596
450,6,0.3265,9.79866,93091.792301392,14.8817606697601,14.8817606697601,13.3216208260625,8.54040346979657,segment3,-31.9687618772531,-73.3974888981293,35265.4444921247,31106.3019279061,segment2,18632.9572125299,5950.4132231405,18836.3636363636,17770.7749041992,segment2,9277.00517745946,9888.36823856258,10787.7135860686,10840.3942886454,segment3,10127.513024988,-3.46851898757998,-3.97956536068204,-4.30417547191173,segment3,-6.80681196416596
451,7,0.325,9.81676,75994.7807528954,-23.1115983268991,-23.1115983268991,18.2702805312225,14.6004235575105,segment3,-31.9687618772531,1186.95111608268,30533.7714195928,29973.5129348639,segment2,18632.9572125299,6148.76033057851,17596.694214876,17303.975567909,segment2,9277.00517745946,12135.2023340008,10710.1803373948,10762.5653124965,segment3,10127.513024988,-5.37745315222969,-3.55232511543508,-3.79730429999616,segment3,-6.80681196416596
452,8,0.3235,9.83462,59938.2940562799,-58.7926798749337,-58.7926798749337,16.2144090816543,13.5705936045913,segment3,-31.9687618772531,962.482855896052,25067.2000465525,26747.7784570951,segment2,18632.9572125299,6148.76033057851,15421.4876033058,15645.0593121101,segment2,9277.00517745946,10870.2092219331,10570.8545955524,10715.0558951196,segment3,10127.513024988,-7.49659699449788,-3.63665418734184,-3.78131731767508,segment3,-6.80681196416596
453,9,0.322,9.85281,49719.1000162947,-81.5019999637896,-81.5019999637896,14.2397716621408,12.5407636516721,segment3,-31.9687618772531,4961.20640533688,23808.031193323,23522.0439793264,segment2,18632.9572125299,5950.4132231405,14061.1570247934,13986.1430563112,segment2,9277.00517745946,9229.98722218153,10635.4610073108,10667.5464777428,segment3,10127.513024988,-9.13045106105625,-3.72450961402572,-3.76533033535401,segment3,-6.80681196416596
454,10,0.3205,9.87027,99743.0367874036,29.6623039720079,29.6623039720079,8.40051785938414,7.30755379160765,segment3,-31.9687618772531,92193.9592416068,19374.8461832295,20872.8588645253,segment2,18632.9572125299,27768.5950413223,11305.7851239669,12207.8902300146,segment2,9277.00517745946,14401.4274291757,10696.7252705031,10532.0163414409,segment3,10127.513024988,-2.80971901868031,-3.97439989251777,-4.01366315566064,segment3,-6.80681196416596
455,11,0.319,9.88812,97860.2209085194,25.4782686855987,25.4782686855987,0.0392871167507782,2.07434393154322,segment3,-31.9687618772531,10914.7741919306,15565.7587657356,18223.6737497242,segment2,18632.9572125299,3570.2479338843,8975.20661157025,10429.6374037179,segment2,9277.00517745946,9227.34213693042,10353.1059883504,10396.486205139,segment3,10127.513024988,-2.99621029036061,-4.35643131826407,-4.26199597596727,segment3,-6.80681196416596
456,12,0.3175,9.9053,95764.9253270755,20.8220562823901,20.8220562823901,-7.78614964691488,-4.77673873623696,segment3,-31.9687618772531,10155.7071721756,15491.9805471792,16701.041681687,segment2,18632.9572125299,3689.25619834711,8975.20661157025,9426.94315202997,segment2,9277.00517745946,8561.74655527244,10038.2204792585,10190.5412767966,segment3,10127.513024988,-3.20374749137522,-4.77480492430319,-4.67669096217611,segment3,-6.80681196416596
457,1,0.316,9.92243,104621.706153569,40.5037914523757,40.5037914523757,-15.2144781616042,-11.6278214040171,segment3,-31.9687618772531,49530.2695851205,15531.9089953987,15178.4096136499,segment2,18632.9572125299,31735.5371900827,8975.20661157025,8424.24890034203,segment2,9277.00517745946,8937.95156854438,9899.45021543866,9984.59634845423,segment3,10127.513024988,-2.33865937727097,-5.25475140855718,-5.09138594838495,segment3,-6.80681196416596
458,2,0.3145,9.94053,99270.0796411019,28.6112880913375,28.6112880913375,-21.7875564908004,-19.5083760250166,segment3,-31.9687618772531,5833.57409207821,15823.8754434423,14206.2383051053,segment2,18632.9572125299,3332.23140495868,8975.20661157025,7982.71999188589,segment2,9277.00517745946,7852.96919958671,9806.55408001032,9846.2626707448,segment3,10127.513024988,-2.85656501177672,-5.78193462084072,-5.67569197642544,segment3,-6.80681196416596
459,3,0.313,9.95804,89541.0464233318,6.99121427407058,6.99121427407058,-27.4358713919951,-27.3889306460162,segment3,-31.9687618772531,5704.5634048096,15858.8334366017,13234.0669965607,segment2,18632.9572125299,3689.25619834711,8975.20661157025,7541.19108342975,segment2,9277.00517745946,11744.3404242326,9793.68614610146,9707.92899303537,segment3,10127.513024988,-3.84662441709673,-6.37460643265515,-6.25999800446593,segment3,-6.80681196416596
460,4,0.3115,9.97621,84206.4087793104,-4.86353604597686,-4.86353604597686,-33.4635988660493,-34.6440146747552,segment3,-31.9687618772531,7370.87841603984,14327.0706238302,13160.4636978847,segment2,18632.9572125299,3570.2479338843,7971.90082644628,7275.30514263559,segment2,9277.00517745946,9135.26812617689,9804.28239177323,9691.7928039673,segment3,10127.513024988,-4.41999475716784,-6.87333915963895,-6.79336602715024,segment3,-6.80681196416596
461,5,0.31,9.99426,65397.5473145679,-46.6610059676268,-46.6610059676268,-40.9218853692835,-41.8990987034942,segment3,-31.9687618772531,-3676.54531675538,12670.4634404852,13086.8603992088,segment2,18632.9572125299,6148.76033057851,6968.59504132231,7009.41920184142,segment2,9277.00517745946,8983.55581740857,9794.73255668308,9675.65661489923,segment3,10127.513024988,-6.73188859580227,-7.27683001371418,-7.32673404983455,segment3,-6.80681196416596
462,6,0.3085,10.01228,52183.4991912282,-76.0255573528263,-76.0255573528263,-44.2255272337674,-42.4882202426426,segment3,-31.9687618772531,1605.28829255702,14642.5162066453,16303.7386324296,segment2,18632.9572125299,5950.4132231405,7062.80991735537,8377.19899258605,segment2,9277.00517745946,8868.92319275631,9802.98035937252,9761.61019044861,segment3,10127.513024988,-8.71097886106759,-7.47160131435852,-7.45565930133923,segment3,-6.80681196416596
463,7,0.307,10.02998,36677.1259044144,-110.484164656857,-110.484164656857,-38.1293745429337,-43.0773417817909,segment3,-31.9687618772531,466.548091894601,20697.6943777242,19520.6168656504,segment2,18632.9572125299,6148.76033057851,8809.9173553719,9744.97878333068,segment2,9277.00517745946,9824.1610481298,9881.14354254201,9847.56376599799,segment3,10127.513024988,-11.6537089008378,-7.24275571534638,-7.58458455284391,segment3,-6.80681196416596
464,8,0.3055,10.04785,28266.7029494425,-129.173993445683,-129.173993445683,-31.0063583806251,-37.9840710315658,segment3,-31.9687618772531,8690.08063313038,25166.0207666504,23094.9462951426,segment2,18632.9572125299,6148.76033057851,12638.0165289256,12255.9951982319,segment2,9277.00517745946,10951.7432575238,10059.2821957508,9991.76421265876,segment3,10127.513024988,-13.8727383406948,-6.97368634684116,-7.37271660088994,segment3,-6.80681196416596
465,9,0.304,10.06539,20388.8901902294,-146.680244021713,-146.680244021713,-27.8455866146892,-32.8908002813408,segment3,-31.9687618772531,-1927.39953607262,26777.4489845796,26669.2757246347,segment2,18632.9572125299,5950.4132231405,15981.8181818182,14767.0116131332,segment2,9277.00517745946,8839.62277277816,10109.9187391551,10135.9646593195,segment3,10127.513024988,-16.9784331984057,-6.83801961988602,-7.16084864893598,segment3,-6.80681196416596
466,10,0.3025,10.08274,63973.7898936827,-49.8249113473718,-49.8249113473718,-26.2284963040574,-28.1458067325188,segment3,-31.9687618772531,62320.2576765021,27236.9102800865,28038.3200464191,segment2,18632.9572125299,3689.25619834711,17150.4132231405,16246.137692735,segment2,9277.00517745946,15046.1017747017,10095.4416482266,10364.3953570964,segment3,10127.513024988,-6.93132232894203,-6.76380213544991,-6.91159791166285,segment3,-6.80681196416596
467,11,0.301,10.10032,53079.9735673119,-74.0333920726403,-74.0333920726403,-26.0676668892542,-23.4008131836969,segment3,-31.9687618772531,1029.9033567543,26972.6610032874,29407.3643682035,segment2,18632.9572125299,3570.2479338843,17150.4132231405,17725.2637723367,segment2,9277.00517745946,8353.4717492408,10486.5097745504,10592.8260548732,segment3,10127.513024988,-8.5583874779044,-6.75844402957169,-6.66234717438972,segment3,-6.80681196416596
468,12,0.2995,10.11866,104865.840531856,41.0463122930137,41.0463122930137,-26.4839818920702,-21.8778958660695,segment3,-31.9687618772531,67369.8443951934,27102.0367753129,28978.1275871352,segment2,18632.9572125299,5950.4132231405,17150.4132231405,17853.6685988062,segment2,9277.00517745946,9633.56420750863,10875.6005345044,10912.6987144466,segment3,10127.513024988,-2.31608151929558,-6.78809389972303,-6.56881828568056,segment3,-6.80681196416596
469,1,0.298,10.13597,161359.240009792,166.587200021761,166.587200021761,-27.4723718955816,-20.354978548442,segment3,-31.9687618772531,137640.408467998,27180.9518285708,28548.8908060669,segment2,18632.9572125299,71404.9586776859,17150.4132231405,17982.0734252758,segment2,9277.00517745946,9742.05031237584,11211.9493380753,11232.5713740201,segment4,12321.9730983689,2.26596902694081,-6.89359444413725,-6.4752893969714,segment3,-6.80681196416596
470,2,0.2965,10.15363,119461.120337811,73.4802674173582,73.4802674173582,-28.9527681148042,-23.284565509854,segment3,-31.9687618772531,24963.2685434282,26762.0316611617,27153.3529444562,segment2,18632.9572125299,55537.1900826446,17150.4132231405,17885.9733564526,segment2,9277.00517745946,11324.1981327651,11715.9162341159,11466.7765664461,segment4,12321.9730983689,-1.00352857186326,-7.11215202931093,-6.78608801275774,segment3,-6.80681196416596
471,3,0.295,10.1715,103486.340798731,37.9807573305123,37.9807573305123,-30.1111010024722,-26.2141524712659,segment3,-31.9687618772531,25249.1461837613,26450.6375246311,25757.8150828455,segment2,18632.9572125299,31735.5371900827,17150.4132231405,17789.8732876295,segment2,9277.00517745946,9488.38853275932,11998.9137754693,11700.9817588722,segment4,12321.9730983689,-2.44365941008687,-7.3395637789004,-7.09688662854409,segment3,-6.80681196416596
472,4,0.2935,10.18968,87725.6897587349,2.95708835274424,2.95708835274424,-35.3168554491329,-35.7929829554565,segment3,-31.9687618772531,-1146.6332707464,24002.3769158052,22922.8864666799,segment2,18632.9572125299,3570.2479338843,17150.4132231405,17174.156664698,segment2,9277.00517745946,11043.7698353649,11785.5570776002,11745.3166587933,segment4,12321.9730983689,-4.04174013771117,-8.04219073359004,-7.96591047912467,segment3,-6.80681196416596
473,5,0.292,10.2075,63615.2240150179,-50.6217244110714,-50.6217244110714,-42.829354005471,-45.371813439647,segment3,-31.9687618772531,-1501.01627314649,21989.3598362861,20087.9578505144,segment2,18632.9572125299,6148.76033057851,17150.4132231405,16558.4400417664,segment2,9277.00517745946,16460.689139992,11572.0254841095,11789.6515587143,segment4,12321.9730983689,-6.98154867418151,-8.9405066951146,-8.83493432970525,segment4,-9.79193886679238
474,6,0.2905,10.22505,49469.6204603657,-82.0563989769652,-82.0563989769652,-52.9393656946048,-60.9861043625272,segment4,-69.7240003228211,2534.77777755834,20040.6703117544,16307.1008316604,segment2,18632.9572125299,5950.4132231405,17056.1983471074,14676.8365225803,segment2,9277.00517745946,10729.96810907,11616.6363857882,11761.564259746,segment4,12321.9730983689,-9.17291566632073,-9.75979964725668,-10.038096684588,segment4,-9.79193886679236
475,7,0.289,10.24316,28716.3925973535,-128.174683116992,-128.174683116992,-72.90792823689,-76.6003952854073,segment4,-69.7240003228213,1431.01988508295,12358.022909678,12526.2438128065,segment2,18632.9572125299,6148.76033057851,14140.4958677686,12795.2330033943,segment2,9277.00517745946,16035.4874175166,11630.5216494207,11733.4769607776,segment4,12321.9730983689,-13.7237851615259,-11.0010032119187,-11.2412590394707,segment4,-9.79193886679236
476,8,0.2875,10.2614,20239.1570888999,-147.012984246889,-147.012984246889,-94.3667064204212,-92.3641402057981,segment4,-69.7240003228213,-2328.47517787509,6225.82544441228,9975.94031762541,segment2,18632.9572125299,6148.76033057851,9143.80165289256,10250.7407368544,segment2,9277.00517745946,16835.6223931108,11497.9586879494,11760.1587752561,segment4,12321.9730983689,-17.0480441241749,-12.3212515626866,-12.3566096434206,segment4,-9.79193886679236
477,9,0.286,10.27927,15906.4408639568,-156.64124252454,-156.64124252454,-110.50564255524,-108.127885126189,segment4,-69.7240003228212,1617.6969981974,4934.34314701842,7425.63682244432,segment2,18632.9572125299,5950.4132231405,5800,7706.24847031457,segment2,9277.00517745946,9747.68462967457,11775.2714526979,11786.8405897345,segment4,12321.9730983689,-19.2610094050731,-13.4519738100682,-13.4719602473704,segment4,-9.79193886679236
478,10,0.2845,10.29709,12234.0911960198,-164.8020195644,-164.8020195644,-121.011663449548,-113.413652322305,segment4,-69.7240003228212,16.9065304101292,6331.93503603888,8993.29426544639,segment2,18632.9572125299,3689.25619834711,4631.40495867769,6732.20827519472,segment2,9277.00517745946,9017.47916894668,12093.2256056237,11735.0299688858,segment4,12321.9730983689,-21.5117930348259,-14.16622751757,-13.8770244480572,segment4,-9.79193886679236
479,11,0.283,10.31526,23684.6878565236,-139.356249207725,-139.356249207725,-119.331221496836,-118.699419518422,segment4,-69.7240003228212,15020.8445943881,12739.806306924,10560.9517084485,segment2,18632.9572125299,3570.2479338843,5862.80991735537,5758.16808007486,segment2,9277.00517745946,9257.3361112173,11785.7836366719,11683.2193480371,segment4,12321.9730983689,-15.5374998486099,-14.1177119404486,-14.282088648744,segment4,-9.79193886679236
480,12,0.2815,10.33354,25073,-136.271111111111,-136.271111111111,-109.280925455697,-110.616462750257,segment4,-69.7240003228212,6610.35456879963,17547.0135767169,13554.8471604617,segment2,18632.9572125299,3689.25619834711,7094.21487603306,5786.15687621571,segment2,9277.00517745946,9800.36148582178,11595.1516079949,11450.4603319811,segment4,12321.9730983689,-15,-13.5926281730395,-13.7032380705457,segment4,-9.79193886679236
481,1,0.28,10.35137,25491.6050849677,-135.340877588961,-135.340877588961,-95.9238678375354,-102.533505982091,segment4,-69.7240003228212,14016.360644558,18760.4001156308,16548.742612475,segment2,18632.9572125299,3689.25619834711,7085.95041322314,5814.14567235655,segment2,9277.00517745946,9908.49936124318,11328.7599000585,11217.701315925,segment4,12321.9730983689,-14.8389980442432,-12.7836953548347,-13.1243874923475,segment4,-9.79193886679236
482,2,0.2785,10.36927,23573.9508805,-139.602331376667,-139.602331376667,-79.1681387739356,-86.0972221805311,segment4,-69.7240003228213,1414.57720049104,20429.8659059312,18803.8314115427,segment2,18632.9572125299,3332.23140495868,7077.68595041322,6082.96082223556,segment2,9277.00517745946,7976.23800858597,10775.6037363421,10992.6508249341,segment4,12321.9730983689,-15.5845219191083,-11.61782739585,-11.8311030235303,segment4,-9.79193886679236
483,3,0.277,10.39072,25073,-136.271111111111,-136.271111111111,-63.044571815018,-69.6609383789708,segment4,-69.7240003228213,17802.2623892457,21005.3738984703,21058.9202106103,segment2,18632.9572125299,3689.25619834711,7077.68595041322,6351.77597211456,segment2,9277.00517745946,19491.8550109015,10527.9468833721,10767.6003339432,segment4,12321.9730983689,-15,-10.2971507274822,-10.5378185547131,segment4,-9.79193886679236
484,4,0.2755,10.41222,52674.0048989342,-74.9355446690351,-74.9355446690351,-48.3568150841313,-51.6402683798837,segment4,-69.7240003228213,39842.4558602602,21215.1072708212,22352.6895690679,segment2,18632.9572125299,3570.2479338843,7077.68595041322,6797.55091357486,segment2,9277.00517745946,8671.20302744171,10601.9130333944,10700.6490644049,segment4,12321.9730983689,-8.627488527841,-8.88628320373432,-9.08978385406258,segment4,-9.79193886679236
485,5,0.274,10.43367,116815.681964108,67.6015154757953,67.6015154757953,-34.6228118988332,-33.6195983807967,segment4,-69.7240003228212,111298.80509709,21591.085309558,23646.4589275254,segment2,18632.9572125299,35702.479338843,7077.68595041322,7243.32585503516,segment2,9277.00517745946,11454.6486930729,10645.6295309726,10633.6977948665,segment4,12321.9730983689,-1.23142643314029,-7.64097152628631,-7.64174915341205,segment4,-9.79193886679236
486,6,0.2725,10.4549,104812.359755577,40.927466123505,40.927466123505,-22.6033446665877,-16.9753213659885,segment4,-69.7240003228212,5107.93088235222,21498.8372364614,24735.6994274389,segment2,18632.9572125299,5950.4132231405,7077.68595041322,8163.756269859,segment2,9277.00517745946,11160.8398677424,10594.7179963304,10602.0693189194,segment4,12321.9730983689,-2.32102748954242,-6.69252783241407,-6.38706911017559,segment4,-9.79193886679236
487,7,0.271,10.47625,117629.87557829,69.4108346184221,69.4108346184221,-10.1158287080836,-0.331044351180228,segment4,-69.7240003228213,27979.1437142219,22152.2352838934,25824.9399273523,segment2,18632.9572125299,5950.4132231405,7171.90082644628,9084.18668468284,segment2,9277.00517745946,9211.21466836871,10598.796938461,10570.4408429722,segment4,12321.9730983689,-1.16128570138781,-5.74486922976958,-5.13238906693914,segment4,-9.79193886679236
488,8,0.2695,10.4984,112287.547994842,57.5389955440925,57.5389955440925,4.17321806461579,11.5712036597144,segment4,-69.7240003228213,11190.5799601963,25598.0476051953,25796.3851233794,segment2,18632.9572125299,6148.76033057851,9193.38842975207,9981.34007628229,segment2,9277.00517745946,10384.1472130661,10880.0895397115,10610.7610825372,segment4,12321.9730983689,-1.62971256868198,-4.69526543181074,-4.25477716209626,segment4,-9.79193886679236
489,9,0.268,10.52063,97992.5731143249,25.7723846984997,25.7723846984997,18.6273873178813,23.4734516706091,segment4,-69.7240003228213,1910.83368106382,28423.5748729196,25767.8303194064,segment2,18632.9572125299,5950.4132231405,11462.8099173554,10878.4934678817,segment2,9277.00517745946,10255.39533844,10742.9678724074,10651.0813221023,segment4,12321.9730983689,-2.98310091973801,-3.63357487902185,-3.37716525725339,segment4,-9.79193886679236
490,10,0.2665,10.54185,88775.7316392279,5.29051475383988,5.29051475383988,29.6540083744459,25.0425132943975,segment4,-69.7240003228213,4757.3707839659,27384.6642742965,23520.8447447257,segment2,18632.9572125299,3689.25619834711,11804.958677686,10663.0082402564,segment2,9277.00517745946,10284.9560607157,10617.7261211565,11075.0784009869,segment4,12321.9730983689,-3.92888095021198,-2.89443647404798,-3.18494803117428,segment4,-9.79193886679236
491,11,0.265,10.56344,95470.2818145355,20.16729292119,20.16729292119,29.8397839250686,26.611574918186,segment4,-69.7240003228213,19303.8532705165,22299.5856278699,21273.8591700451,segment2,18632.9572125299,3570.2479338843,10573.5537190083,10447.5230126311,segment2,9277.00517745946,9039.05516132469,11642.4329110814,11499.0754798715,segment4,12321.9730983689,-3.23293167447156,-2.84045621254432,-2.99273080509516,segment4,-9.79193886679236
492,12,0.2635,10.58509,83097.6521502387,-7.32743966613612,-7.32743966613612,21.662073973142,17.2587527780753,segment4,-69.7240003228213,113.392138352135,18322.7467691933,18932.2115938508,segment2,18632.9572125299,3689.25619834711,9342.14876033058,9792.69316029497,segment2,9277.00517745946,8796.76560430177,12660.5674872297,12109.6801185608,segment4,12321.9730983689,-4.54191952120468,-3.24927506210247,-3.51932806676348,segment4,-9.79193886679236
493,1,0.262,10.60686,102332.125286574,35.4158339701637,35.4158339701637,9.89932868426309,7.90593063796459,segment4,-69.7240003228213,36194.8762133725,16984.3264525196,16590.5640176566,segment2,18632.9572125299,5950.4132231405,9350.4132231405,9137.86330795885,segment2,9277.00517745946,11009.989853897,12927.1486093747,12720.2847572501,segment4,12321.9730983689,-2.55327205957073,-3.90084376995255,-4.04592532843179,segment4,-9.79193886679236
494,2,0.2605,10.62894,101055.135824047,32.5780796089939,32.5780796089939,-5.3219878070682,-5.82189664758407,segment4,-69.7240003228213,61935.5573429223,15297.3188263008,15865.6682340657,segment2,18632.9572125299,49586.7768595041,9358.67768595041,9089.89770838012,segment2,9277.00517745946,13625.7699459447,13066.4121032696,13082.1388914376,segment4,12321.9730983689,-2.67975675276867,-4.86185507716153,-4.99822318210476,segment4,-9.79193886679236
495,3,0.259,10.65086,103696.842991721,38.4485399816016,38.4485399816016,-20.6359521863809,-19.5497239331327,segment4,-69.7240003228212,25093.9366721987,14663.5278338706,15140.7724504749,segment2,18632.9572125299,11900.826446281,9358.67768595041,9041.93210880139,segment2,9277.00517745946,10551.4030582442,13197.4908570201,13443.9930256251,segment4,12321.9730983689,-2.4241918994062,-6.01318066940195,-5.95052103577774,segment4,-9.79193886679236
496,4,0.2575,10.67295,93137.6693181107,14.9837095958015,14.9837095958015,-34.5962343424614,-32.6448719187066,segment4,-69.7240003228212,7616.92721035211,14416.8368593603,15111.6392036671,segment2,18632.9572125299,3570.2479338843,9358.67768595041,9176.84011144354,segment2,9277.00517745946,14605.8529500779,13244.1117579021,13551.9469629603,segment4,12321.9730983689,-3.4639749090619,-7.23997194846907,-7.03788125405937,segment4,-9.79193886679236
497,5,0.256,10.69456,78358.3934916563,-17.859125574097,-17.859125574097,-48.6386783657244,-45.7400199042804,segment4,-69.7240003228213,21482.4462327595,13574.6968848765,15082.5059568593,segment2,18632.9572125299,6148.76033057851,9358.67768595041,9311.7481140857,segment2,9277.00517745946,30112.9617286353,13327.8236331457,13659.9009002954,segment4,12321.9730983689,-5.09941377583149,-8.52893003928741,-8.12524147234101,segment4,-9.79193886679236
498,6,0.2545,10.71684,54950.3807472215,-69.876931672841,-69.876931672841,-57.7821623012732,-53.951133010611,segment4,-69.7240003228213,-519.842861555583,15461.2096838795,15904.3098586857,segment2,18632.9572125299,5950.4132231405,9358.67768595041,9351.82164783239,segment2,9277.00517745946,16937.7566597387,13441.2141810948,13618.4711183932,segment4,12321.9730983689,-8.26469253624688,-9.28816655690562,-8.84743747264134,segment4,-9.79193886679236
499,7,0.253,10.73899,40454.2054667536,-102.090654518325,-102.090654518325,-61.2381817943422,-62.1622461169416,segment4,-69.7240003228213,1484.82985796134,17976.1581415519,16726.1137605121,segment2,18632.9572125299,6148.76033057851,9264.46280991736,9391.89518157909,segment2,9277.00517745946,9832.24480785076,13491.0185156843,13577.041336491,segment4,12321.9730983689,-10.8552696430853,-9.46660639826885,-9.56963347294167,segment4,-9.79193886679236
500,8,0.2515,10.76023,25073,-136.271111111111,-136.271111111111,-62.6264021756365,-62.8595806590936,segment4,-69.7240003228213,-2803.2892127943,17992.0748645733,18843.0035910288,segment2,18632.9572125299,6148.76033057851,8509.09090909091,10245.5184580306,segment2,9277.00517745946,13105.4409270625,13331.7975392336,13273.9266609667,segment4,12321.9730983689,-15,-9.53154089354952,-9.72698690437567,segment4,-9.79193886679236
501,9,0.25,10.78224,19816.3058125891,-147.952653749802,-147.952653749802,-57.5857688769751,-63.5569152012457,segment4,-69.7240003228213,693.719035729577,22310.6256238581,20959.8934215454,segment2,18632.9572125299,5950.4132231405,10079.3388429752,11099.1417344821,segment2,9277.00517745946,10679.9917144554,13187.1162086541,12970.8119854425,segment4,12321.9730983689,-17.2446277021901,-9.34331806324617,-9.88434033580968,segment4,-9.79193886679236
502,10,0.2485,10.80364,16180.9516552947,-156.03121854379,-156.03121854379,-51.7984730797666,-58.3828618176909,segment4,-69.7240003228213,53.9020410527415,26598.0338006685,23335.608529304,segment2,18632.9572125299,3689.25619834711,14228.0991735537,12719.3639014931,segment2,9277.00517745946,10979.2613058679,12989.7659305398,12510.7614611023,segment4,12321.9730983689,-19.1103448653707,-9.12185499972673,-9.62270460604478,segment4,-9.79193886679236
503,11,0.247,10.82535,16406.6663472278,-155.529630339494,-155.529630339494,-50.1121071173265,-53.2088084341361,segment4,-69.7240003228213,3795.96262581734,25905.6171688242,25711.3236370625,segment2,18632.9572125299,3570.2479338843,16145.4545454545,14339.5860685041,segment2,9277.00517745946,10353.8349220203,12225.4123524405,12050.7109367621,segment4,12321.9730983689,-18.986461938953,-9.04222998934042,-9.36106887627988,segment4,-9.79193886679236
504,12,0.2455,10.84723,63411.6411136193,-51.0741308586237,-51.0741308586237,-44.3628779707146,-44.0526165788104,segment4,-69.7240003228213,60897.589959123,26938.4120594562,27473.4204210867,segment2,18632.9572125299,3689.25619834711,16145.4545454545,15297.4246833437,segment2,9277.00517745946,10203.3589943843,11429.9188101951,11840.2651065493,segment4,12321.9730983689,-7.01006567956028,-8.74064301372354,-8.74115076784456,segment4,-9.79193886679236
505,1,0.244,10.86944,84693.1257980486,-3.78194267100318,-3.78194267100318,-35.0167965638613,-34.8964247234847,segment4,-69.7240003228212,35769.441376739,28666.2501968119,29235.517205111,segment2,18632.9572125299,3689.25619834711,16145.4545454545,16255.2632981832,segment2,9277.00517745946,10798.7004939626,11539.1734304422,11629.8192763366,segment4,12321.9730983689,-4.36768209393284,-8.19501091694625,-8.12123265940925,segment4,-9.79193886679236
506,2,0.2425,10.89145,103701.355194594,38.458567099098,38.458567099098,-27.0143633166107,-25.0415192301848,segment4,-69.7240003228212,62742.9935320698,28823.8463805109,30213.5426070361,segment2,18632.9572125299,33719.0082644628,16145.4545454545,16556.3120637424,segment2,9277.00517745946,10015.7558710615,12023.2327441423,11801.7273626951,segment4,12321.9730983689,-2.42377460514251,-7.5721830399754,-7.26680550495577,segment4,-9.79193886679236
507,3,0.241,10.91275,155489.463246716,153.543251659369,153.543251659369,-19.5719636750787,-15.1866137368849,segment4,-69.7240003228213,127931.718705887,29417.2665611704,31191.5680089613,segment2,18632.9572125299,65454.5454545454,16145.4545454545,16857.3608293016,segment2,9277.00517745946,10689.0651992197,12145.4898507861,11973.6354490537,segment4,12321.9730983689,1.83717388024812,-6.82191094825463,-6.41237835050229,segment4,-9.79193886679236
508,4,0.2395,10.9351,103847.843672968,38.7840970510401,38.7840970510401,-12.7507392264946,-10.0264255412275,segment4,-69.7240003228213,7676.94142011423,30005.7581545184,30748.8195436113,segment2,18632.9572125299,49586.7768595041,16145.4545454545,17009.3355245745,segment2,9277.00517745946,9731.7841343584,12111.0414051139,12128.3660485642,segment4,12321.9730983689,-2.41022716424968,-6.00007345107189,-5.82078144524598,segment4,-9.79193886679236
509,5,0.238,10.95661,85860.9715311512,-1.18672993077512,-1.18672993077512,-7.73388391420416,-4.86623734557016,segment4,-69.7240003228213,4804.4328587337,30178.7227106247,30306.0710782614,segment2,18632.9572125299,6148.76033057851,16145.4545454545,17161.3102198475,segment2,9277.00517745946,16642.544669972,12207.093063057,12283.0966480748,segment4,12321.9730983689,-4.24216127137242,-5.27463070682408,-5.22918453998967,segment4,-9.79193886679236
510,6,0.2365,10.97826,109539.477491136,51.4321722025241,51.4321722025241,-8.93491241816556,-9.12220103663746,segment4,-69.7240003228212,40945.2478876383,27961.8782164579,27693.1032998192,segment2,18632.9572125299,5950.4132231405,16145.4545454545,16435.025548257,segment2,9277.00517745946,11316.3287045132,12356.886497786,12352.2890686753,segment4,12321.9730983689,-1.88385762590067,-5.23155237939368,-5.37113237429088,segment4,-9.79193886679236
511,7,0.235,10.99976,86802.7879168542,0.906195370787108,0.906195370787108,-15.2183899599518,-13.3781647277048,segment4,-69.7240003228212,1487.85440530273,25642.5918894677,25080.135521377,segment2,18632.9572125299,6148.76033057851,16145.4545454545,15708.7408766666,segment2,9277.00517745946,18075.7836490059,12324.702237817,12421.4814892758,segment4,12321.9730983689,-4.14093423077662,-5.69137726710839,-5.5130802085921,segment4,-9.79193886679236
512,8,0.2335,11.0211,65150.6966202062,-47.2095630662085,-47.2095630662085,-24.1076977915733,-25.8098441902515,segment4,-69.7240003228212,975.994648641792,23121.1507697807,21040.4343004592,segment2,18632.9572125299,6148.76033057851,14879.3388429752,13249.4356723354,segment2,9277.00517745946,16479.3256147113,12242.0004510352,12398.3659604518,segment4,12321.9730983689,-6.76646636500828,-6.22341064313342,-6.21324861862824,segment4,-9.79193886679236
513,9,0.232,11.04286,60116.5253209291,-58.3966103979354,-58.3966103979354,-39.5965712639331,-38.2415236527983,segment4,-69.7240003228213,11156.5195101206,16245.7824713956,17000.7330795414,segment2,18632.9572125299,5950.4132231405,11039.6694214876,10790.1304680042,segment2,9277.00517745946,10240.2775862572,12176.10611247,12375.2504316277,segment4,12321.9730983689,-7.47163113588334,-7.01737664553873,-6.91341702866438,segment4,-9.79193886679236
514,10,0.2305,11.06436,49549.9561916621,-81.8778751296398,-81.8778751296398,-54.7844851138561,-53.3005455025849,segment4,-69.7240003228213,3714.89980701401,11806.5898399323,13799.3752129569,segment2,18632.9572125299,3689.25619834711,6548.76033057851,8150.62513307032,segment2,9277.00517745946,10592.2127379339,12092.3907418191,12454.3604559004,segment4,12321.9730983689,-9.15924149929157,-7.78523183428082,-7.8336721326493,segment4,-9.79193886679236
515,11,0.229,11.08599,37219.6991835977,-109.278446258672,-109.278446258672,-65.8460328377642,-68.3595673523714,segment4,-69.7240003228213,4286.11420640694,11678.9545172658,10598.0173463723,segment2,18632.9572125299,3570.2479338843,4631.40495867769,5511.1197981364,segment2,9277.00517745946,13046.123280587,12673.5684393095,12533.470480173,segment4,12321.9730983689,-11.5269394430846,-8.54730789918485,-8.75392723663422,segment4,-9.79193886679236
516,12,0.2275,11.10749,29627.5004344662,-126.14999903452,-126.14999903452,-79.7123099042991,-81.073801666215,segment4,-69.7240003228213,7203.17051853098,9908.89171536606,9832.89540540798,segment2,18632.9572125299,3689.25619834711,4631.40495867769,4588.95848847554,segment2,9277.00517745946,11106.1130693154,13251.1820737038,12631.7729028683,segment4,12321.9730983689,-13.435708317099,-9.62095148837312,-9.75503838293611,segment4,-9.79193886679236
517,1,0.226,11.12891,50615.7090259101,-79.5095354979775,-79.5095354979775,-94.9109824950618,-93.7880359800585,segment4,-69.7240003228213,33800.9889695646,8084.64238140023,9067.77346444365,segment2,18632.9572125299,3689.25619834711,4631.40495867769,3666.79717881467,segment2,9277.00517745946,9123.52417977362,13019.4101181602,12730.0753255635,segment4,12321.9730983689,-8.9778367615472,-10.988952334595,-10.756149529238,segment4,-9.79193886679236
518,2,0.2245,11.15094,41774.2473852206,-99.1572280328432,-99.1572280328432,-100.207518090516,-98.4827104322665,segment4,-69.7240003228213,4196.85906675718,11752.5557523116,10548.5231962201,segment2,18632.9572125299,3332.23140495868,4631.40495867769,3643.88449139471,segment2,9277.00517745946,9706.08930248808,12787.035406553,12760.5673120075,segment4,12321.9730983689,-10.5824209621289,-11.6387246951509,-11.2666368889095,segment4,-9.79193886679236
519,3,0.223,11.17235,50136.7375546039,-80.5739165453246,-80.5739165453246,-97.8061378041944,-103.177384884474,segment4,-69.7240003228212,21469.0140099582,15184.6137003636,12029.2729279965,segment2,18632.9572125299,3689.25619834711,4631.40495867769,3620.97180397475,segment2,9277.00517745946,9417.26764222769,12755.0312078062,12791.0592984515,segment4,12321.9730983689,-9.05936382049296,-11.4999567071693,-11.7771242485809,segment4,-9.79193886679236
520,4,0.2215,11.1942,45171.0997859117,-91.6086671424185,-91.6086671424185,-95.8189543255128,-99.0139692746316,segment4,-69.7240003228213,7599.02296092274,14970.7380298357,14116.635204676,segment2,18632.9572125299,3570.2479338843,4631.40495867769,4035.0888033733,segment2,9277.00517745946,8994.41279573069,12727.5441007161,12798.54281808,segment4,12321.9730983689,-9.94221399331875,-11.3665675888479,-11.581861346347,segment4,-9.79193886679236
521,5,0.22,11.21654,25073,-136.271111111111,-136.271111111111,-92.686677376554,-94.8505536647888,segment4,-69.7240003228213,1819.10357392848,15359.6659111193,16203.9974813555,segment2,18632.9572125299,6148.76033057851,4631.40495867768,4449.20580277185,segment2,9277.00517745946,31328.1807483675,12601.179920375,12806.0263377085,segment4,12321.9730983689,-15,-11.1265273806924,-11.3865984441131,segment4,-9.79193886679236
522,6,0.2185,11.23853,20571.6567037103,-146.274096213977,-146.274096213977,-84.7508047316978,-84.9088606349741,segment4,-69.7240003228213,1449.0699268508,17452.0905435195,18150.3474799299,segment2,18632.9572125299,5950.4132231405,4631.40495867769,5219.84303607199,segment2,9277.00517745946,10493.4198515814,12531.9864896213,12863.5397378936,segment4,12321.9730983689,-16.8934650377915,-10.5507275423503,-10.7514695449531,segment4,-9.79193886679236
523,7,0.217,11.26016,11624.944724042,-166.155678391018,-166.155678391018,-74.1307349592786,-74.9671676051594,segment4,-69.7240003228213,-2797.95164908981,19372.2900370276,20096.6974785042,segment2,18632.9572125299,6148.76033057851,5138.84297520661,5990.48026937213,segment2,9277.00517745946,13336.1655688908,12736.8592591972,12921.0531380787,segment4,12321.9730983689,-21.963347128212,-9.86973509436542,-10.116340645793,segment4,-9.79193886679236
524,8,0.2155,11.2821,83125.9553821169,-7.26454359529572,-7.26454359529572,-63.690923738482,-64.0416439745727,segment4,-69.7240003228213,93291.7216049084,19884.2729261337,20659.8602689555,segment2,18632.9572125299,6148.76033057851,5590.0826446281,6290.91526935164,segment2,9277.00517745946,15641.9506162549,12878.7188271119,12989.5280957419,segment4,12321.9730983689,-4.5385901209132,-9.26620144638544,-9.39134902326661,segment4,-9.79193886679236
525,9,0.214,11.30412,68076.1736512881,-40.7085029971376,-40.7085029971376,-54.3266881419407,-53.116120343986,segment4,-69.7240003228213,1210.18330710075,19582.4705956032,21223.0230594068,segment2,18632.9572125299,5950.4132231405,5533.88429752066,6591.35026933114,segment2,9277.00517745946,10309.5518147891,13117.1238746038,13058.0030534051,segment4,12321.9730983689,-6.36907566842117,-8.71088737332884,-8.66635740074018,segment4,-9.79193886679236
526,10,0.2125,11.32602,63051.8894310643,-51.8735790420792,-51.8735790420792,-48.2450312102257,-45.5911647753914,segment4,-69.7240003228213,8528.21991736438,18545.3369675256,20323.9392349736,segment2,18632.9572125299,3689.25619834711,5533.88429752066,6152.88645030685,segment2,9277.00517745946,9863.24793924099,13557.150645698,13030.1003501944,segment4,12321.9730983689,-7.0604581270396,-8.32579039774451,-8.02766838551943,segment4,-9.79193886679236
527,11,0.211,11.34683,57546.3569929506,-64.1080955712209,-64.1080955712209,-43.4670733792302,-38.0662092067968,segment4,-69.7240003228213,8807.06324686392,18370.2068072734,19424.8554105405,segment2,18632.9572125299,3570.2479338843,5533.88429752066,5714.42263128256,segment2,9277.00517745946,10742.3477510934,13320.3626758068,13002.1976469837,segment4,12321.9730983689,-7.86475781960399,-7.91297140213227,-7.38897937029867,segment4,-9.79193886679236
528,12,0.2095,11.369,95008.2671895605,19.1405937545789,19.1405937545789,-39.9042173923467,-37.4133638391994,segment4,-69.7240003228212,52900.4126556768,18440.5262736289,17614.6203374361,segment2,18632.9572125299,3689.25619834711,5533.88429752066,5210.79631193571,segment2,9277.00517745946,11749.2462607197,12851.9297399008,12940.4049751977,segment4,12321.9730983689,-3.27869382036843,-7.46949666168614,-7.16466645675709,segment4,-9.79193886679236
529,1,0.208,11.39088,99931.6958129432,30.0815462509848,30.0815462509848,-37.2831914500323,-36.7605184716019,segment4,-69.7240003228212,34188.5346766139,18622.4264366177,15804.3852643317,segment2,18632.9572125299,15867.7685950413,5533.88429752066,4707.16999258886,segment2,9277.00517745946,13397.3374581898,12822.4495484248,12878.6123034116,segment4,12321.9730983689,-2.79103250664193,-6.97316841329008,-6.94035354321551,segment4,-9.79193886679236
530,2,0.2065,11.41242,105208.221782791,41.8071595173131,41.8071595173131,-41.4132747931951,-43.025044611912,segment4,-69.7240003228213,16096.9026982537,15179.6830326187,14024.419317932,segment2,18632.9572125299,1983.47107438016,5533.88429752066,4665.21929577551,segment2,9277.00517745946,8836.9056540258,12910.2307407817,12967.1487421497,segment4,12321.9730983689,-2.28441766551455,-7.11892102790986,-7.37435474687539,segment4,-9.79193886679236
531,3,0.205,11.43405,87836.5075996794,3.20335022150988,3.20335022150988,-51.0670363121618,-49.2895707522221,segment4,-69.7240003228213,2325.71444573109,11624.9818853626,12244.4533715323,segment2,18632.9572125299,3689.25619834711,5533.88429752066,4623.26859896216,segment2,9277.00517745946,16008.1724304954,12975.5515679083,13055.6851808877,segment4,12321.9730983689,-4.02982936374897,-7.96896424159622,-7.80835595053528,segment4,-9.79193886679236
532,4,0.2035,11.45526,73153.2246033584,-29.4261675480926,-29.4261675480926,-58.7865593487702,-58.2904166050388,segment4,-69.7240003228213,1851.11545128665,12067.7261268272,11727.9368622366,segment2,18632.9572125299,3570.2479338843,5533.88429752066,4906.80353720963,segment2,9277.00517745946,12964.1505137234,12991.7518223201,13107.3258489189,segment4,12321.9730983689,-5.72942103603859,-8.70085735152703,-8.56637250997382,segment4,-9.79193886679236
533,5,0.202,11.47724,48692.8197573042,-83.7826227615462,-83.7826227615462,-64.1093750929226,-67.2912624578555,segment4,-69.7240003228213,3363.88723751146,13183.3813919365,11211.4203529408,segment2,18632.9572125299,6148.76033057851,5533.88429752066,5190.33847545709,segment2,9277.00517745946,21675.5317529871,13028.8888058242,13158.9665169501,segment4,12321.9730983689,-9.30513706258651,-9.171156859199,-9.32438906941236,segment4,-9.79193886679236
534,6,0.2005,11.49816,35430.6816047483,-113.254040878337,-113.254040878337,-72.307538147067,-77.4619972167955,segment4,-69.7240003228213,1591.95345580123,11991.2968380644,10973.2485124295,segment2,18632.9572125299,5950.4132231405,5533.88429752066,5563.19348754133,segment2,9277.00517745946,8903.67838521664,13130.7105414486,13106.1220299736,segment4,12321.9730983689,-11.944934204498,-9.78549515427377,-10.1215647869131,segment4,-9.79193886679236
535,7,0.199,11.51961,25073,-136.271111111111,-136.271111111111,-85.3225985427982,-87.6327319757355,segment4,-69.7240003228213,1424.76873368929,9212.32294830159,10735.0766719181,segment2,18632.9572125299,6148.76033057851,5026.44628099173,5936.04849962557,segment2,9277.00517745946,14218.3824398329,13026.7784719288,13053.277542997,segment4,12321.9730983689,-15,-10.7184087223723,-10.9187405044138,segment4,-9.79193886679236
536,8,0.1975,11.54221,25073,-136.271111111111,-136.271111111111,-99.4412044072545,-96.011493634995,segment4,-69.7240003228213,6443.15952615539,7793.73089609894,11179.5467164773,segment2,18632.9572125299,6148.76033057851,4575.20661157025,5865.35556192695,segment2,9277.00517745946,16866.4823618782,12933.954228527,12893.2381506643,segment4,12321.9730983689,-15,-11.7193574591319,-11.5433146075117,segment4,-9.79193886679236
537,9,0.196,11.56325,21868.5046285647,-143.392211936523,-143.392211936523,-108.72383657111,-104.390255294255,segment4,-69.7240003228212,2745.9178517052,9481.38483749783,11624.0167610366,segment2,18632.9572125299,5950.4132231405,4631.40495867769,5794.66262422833,segment2,9277.00517745946,10652.7199202029,12767.1543360012,12733.1987583316,segment4,12321.9730983689,-16.3087029178069,-12.3485446923025,-12.1678887106097,segment4,-9.79193886679236
538,10,0.1945,11.585,25888.7096584174,-134.458422981295,-134.458422981295,-107.888612677489,-105.611437516123,segment4,-69.7240003228212,17618.347167911,13784.6896146038,12844.2463066834,segment2,18632.9572125299,3689.25619834711,4647.93388429752,5257.56072129068,segment2,9277.00517745946,9908.88593971116,12500.894961623,12850.675810483,segment4,12321.9730983689,-14.6862655159933,-12.3157468064898,-12.249353098039,segment4,-9.79193886679236
539,11,0.193,11.60639,37223.1267287517,-109.270829491663,-109.270829491663,-103.421399855659,-106.832619737991,segment4,-69.7240003228212,26492.66235894,15867.3724367412,14064.4758523302,segment2,18632.9572125299,3570.2479338843,4664.46280991736,4720.45881835303,segment2,9277.00517745946,11587.9973547213,12932.6538404463,12968.1528626345,segment4,12321.9730983689,-11.5261386147776,-12.062708345668,-12.3308174854683,segment4,-9.79193886679236
540,12,0.1915,11.62846,26791.3364689996,-132.452585624445,-132.452585624445,-100.981901743558,-104.700173840664,segment4,-69.7240003228212,6604.78425067222,15847.9886131399,14614.4645788874,segment2,18632.9572125299,3689.25619834711,4664.46280991735,4210.63408622646,segment2,9277.00517745946,13347.3183120772,13825.7416362236,13478.4420675513,segment4,12321.9730983689,-14.3614321069892,-11.8777886257315,-12.1310429438774,segment4,-9.79193886679236
541,1,0.19,11.65101,27585.9742596066,-130.686723867541,-130.686723867541,-100.311688338663,-102.567727943338,segment4,-69.7240003228212,13788.7897273101,15653.224015495,15164.4533054447,segment2,18632.9572125299,3689.25619834711,4664.46280991736,3700.80935409988,segment2,9277.00517745946,9304.89573835599,14674.0445643279,13988.7312724681,segment4,12321.9730983689,-14.0982198543867,-11.813738178237,-11.9312684022866,segment4,-9.79193886679236
542,2,0.1885,11.6726,25073,-136.271111111111,-136.271111111111,-100.311688338663,-99.9936698218128,segment4,-69.7240003228213,2450.43839469395,15512.3609389124,16079.1340183411,segment2,18632.9572125299,3332.23140495868,4664.46280991736,4021.09768008926,segment2,9277.00517745946,10701.5655322171,14811.6225208891,14365.4866225103,segment4,12321.9730983689,-15,-11.813738178237,-11.7392405341097,segment4,-9.79193886679236
543,3,0.187,11.69453,67719.3020128315,-41.5015510825966,-41.5015510825966,-100.598741461245,-97.4196117002877,segment4,-69.7240003228213,56475.873342864,15382.0700654665,16993.8147312375,segment2,18632.9572125299,3689.25619834711,4664.46280991736,4341.38600607863,segment2,9277.00517745946,10140.3151316854,14542.9260247307,14742.2419725524,segment4,12321.9730983689,-6.41474062535744,-11.8739013312166,-11.5472126659328,segment4,-9.79193886679236
544,4,0.1855,11.71579,102290.848241312,35.3241072029148,35.3241072029148,-93.5428160733904,-89.7538555406564,segment4,-69.7240003228213,50980.2712046982,20669.5088691459,19634.4100594489,segment2,18632.9572125299,3966.94214876033,6659.50413223141,5706.24485984332,segment2,9277.00517745946,12441.7828274577,14533.4480550914,14805.8804920568,segment4,12321.9730983689,-2.55736051492556,-11.4173799509356,-11.0580977729339,segment4,-9.79193886679236
545,5,0.184,11.73691,67801.0945951198,-41.3197897886227,-41.3197897886227,-80.8379235134379,-82.0880993810251,segment4,-69.7240003228213,4219.11921539652,25135.5734286331,22275.0053876603,segment2,18632.9572125299,6148.76033057851,8654.54545454545,7071.10371360802,segment2,9277.00517745946,32560.1125310099,14462.4360648205,14869.5190115611,segment4,12321.9730983689,-6.40427452397702,-10.5565420651989,-10.5689828799351,segment4,-9.79193886679236
546,6,0.1825,11.75866,42668.9863776144,-97.1689191608569,-97.1689191608569,-69.6341952697634,-70.3541956120352,segment4,-69.7240003228213,271.509711484752,24311.4171481442,24311.7690308685,segment2,18632.9572125299,5950.4132231405,8654.54545454545,8523.90579867266,segment2,9277.00517745946,19453.2047058496,14313.8037266567,14821.7947296951,segment4,12321.9730983689,-10.4077234646299,-9.77274064876603,-9.79127247854448,segment4,-9.79193886679236
547,7,0.181,11.78035,25073,-136.271111111111,-136.271111111111,-58.2753407394433,-58.6202918430453,segment4,-69.7240003228213,-1929.13786547233,24442.4622385078,26348.5326740767,segment2,18632.9572125299,6148.76033057851,8654.54545454545,9976.70788373729,segment2,9277.00517745946,24028.1263937029,14375.0419880298,14774.0704478291,segment4,12321.9730983689,-15,-8.91656113142266,-9.01356207715387,segment4,-9.79193886679236
548,8,0.1795,11.8022,25073,-136.271111111111,-136.271111111111,-45.4580795849762,-48.7757468596493,segment4,-69.7240003228213,6416.35228733426,26269.2879027622,26644.4007240318,segment2,18632.9572125299,6148.76033057851,9342.14876033058,11026.3668631017,segment2,9277.00517745946,10358.6093654775,14480.0486871798,14546.5031948918,segment4,12321.9730983689,-15,-7.97519554767738,-8.34597122183716,segment4,-9.79193886679236
549,9,0.178,11.82392,18768.3309046841,-150.28148687848,-150.28148687848,-35.1529890054032,-38.9312018762533,segment4,-69.7240003228213,-354.25587217545,26131.2620622082,26940.2687739869,segment2,18632.9572125299,5950.4132231405,10029.7520661157,12076.0258424661,segment2,9277.00517745946,10711.877008801,14406.9636210899,14318.9359419546,segment4,12321.9730983689,-17.7526185893191,-7.29838226390735,-7.67838036652045,segment4,-9.79193886679236
550,10,0.1765,11.84562,105192.877571127,41.7730612691717,41.7730612691717,-32.1999485311218,-32.8006038929491,segment4,-69.7240003228212,147617.052180099,25174.1096246812,26670.4469765182,segment2,18632.9572125299,51570.2479338843,12343.8016528926,12914.2266100566,segment2,9277.00517745946,9622.25757977144,14444.1841441672,13661.3382759414,segment4,12321.9730983689,-2.28583671773538,-7.14871325106117,-7.25183337531702,segment4,-9.79193886679236
551,11,0.175,11.86806,95131.7984635294,19.4151076967321,19.4151076967321,-30.413828463598,-26.6700059096449,segment4,-69.7240003228213,3679.50677444556,26063.990342376,26400.6251790496,segment2,18632.9572125299,3570.2479338843,14657.8512396694,13752.4273776471,segment2,9277.00517745946,10170.3379481591,13545.1294581261,13003.7406099281,segment4,12321.9730983689,-3.26645815535559,-7.05291918109432,-6.8252863841136,segment4,-9.79193886679236
552,12,0.1735,11.88954,89882.9297659065,7.75095503534782,7.75095503534782,-25.888661202312,-21.7137913300809,segment4,-69.7240003228212,9638.18910343215,25903.957935734,26085.7898709557,segment2,18632.9572125299,3689.25619834711,14657.8512396694,13949.0931591686,segment2,9277.00517745946,11197.8016027079,12152.5258142911,12225.8329204825,segment4,12321.9730983689,-3.80987857202209,-6.76768206031045,-6.39599100742298,segment4,-9.79193886679236
553,1,0.172,11.91124,87170.0098901569,1.7222442003486,1.7222442003486,-20.3303737895704,-16.757576750517,segment4,-69.7240003228212,13900.4670432765,25983.846027253,25770.9545628619,segment2,18632.9572125299,3689.25619834711,14657.8512396694,14145.7589406901,segment2,9277.00517745946,12924.1307206791,11162.9249121493,11447.9252310369,segment4,12321.9730983689,-4.101464973113,-6.29265661510981,-5.96669563073237,segment4,-9.79193886679236
554,2,0.1705,11.93251,103915.384837694,38.9341885282081,38.9341885282081,-16.383842496661,-16.9549902432008,segment4,-69.7240003228212,46182.5770208324,25876.9295281022,23923.548836633,segment2,18632.9572125299,19834.7107438017,14657.8512396694,13654.0394915186,segment2,9277.00517745946,9602.49132949387,10756.2546827204,11158.8294440132,segment4,12321.9730983689,-2.40398087138692,-5.86522954648725,-5.86751681911769,segment4,-9.79193886679236
555,3,0.169,11.95456,100171.895434526,30.6153231878361,30.6153231878361,-14.7246150527437,-17.1524037358846,segment4,-69.7240003228212,9431.11454343056,25593.5552895722,22076.1431104041,segment2,18632.9572125299,3689.25619834711,14657.8512396694,13162.3200423472,segment2,9277.00517745946,9485.34774825087,10859.2087416537,10869.7336569895,segment4,12321.9730983689,-2.76724094348987,-5.61100257159165,-5.76833800750302,segment4,-9.79193886679236
556,4,0.1675,11.97596,101731.091941856,34.0802043152366,34.0802043152366,-21.8800189905033,-24.4815653378509,segment4,-69.7240003228212,75053.3715034829,19402.5633355267,19900.5884238521,segment2,18632.9572125299,59504.1322314049,12662.8099173554,12513.3004118901,segment2,9277.00517745946,13990.0427647479,10890.9880992568,10863.6904948306,segment4,12321.9730983689,-2.6128038884849,-6.08517263181597,-6.23957786134907,segment4,-9.79193886679236
557,5,0.166,11.99745,87650.9476238319,2.79099471962645,2.79099471962645,-33.9784760721332,-31.8107269398172,segment4,-69.7240003228212,1503.1561412878,14829.7509167404,17725.0337373002,segment2,18632.9572125299,6148.76033057851,10667.7685950413,11864.2807814331,segment2,9277.00517745946,9434.54012873386,11021.2361609925,10857.6473326716,segment4,12321.9730983689,-4.04977347121326,-6.9301951668239,-6.71081771519512,segment4,-9.79193886679236
558,6,0.1645,12.01939,71690.9397707917,-32.6756893982408,-32.6756893982408,-42.9279910497975,-41.8731082063222,segment4,-69.7240003228213,-853.304973814351,16262.6642463245,16908.7585837869,segment2,18632.9572125299,5950.4132231405,10667.7685950413,11581.7045818334,segment2,9277.00517745946,9156.28965608541,11037.1255437921,10845.5606153076,segment4,12321.9730983689,-5.9165336185807,-7.48116826538298,-7.40027390856428,segment4,-9.79193886679236
559,7,0.163,12.04059,56080.5506644311,-67.3654429679309,-67.3654429679309,-51.7104242214391,-51.9354894728272,segment4,-69.7240003228213,1112.99101628138,16167.4888253493,16092.4834302737,segment2,18632.9572125299,6148.76033057851,10667.7685950413,11299.1283822338,segment2,9277.00517745946,10574.6197920634,10866.7633101066,10833.4738979435,segment4,12321.9730983689,-8.09057916123388,-8.04498818516993,-8.08973010193343,segment4,-9.79193886679236
560,8,0.1615,12.06218,36687.9872989908,-110.460028224465,-110.460028224465,-62.1106978449172,-63.3117272805879,segment4,-69.7240003228213,808.227425961986,14703.7757607263,14557.1558639001,segment2,18632.9572125299,6148.76033057851,9980.16528925619,10183.1602572468,segment2,9277.00517745946,14052.0304608238,10818.6817545952,10845.5678365572,segment4,12321.9730983689,-11.6511711918246,-8.69753973245293,-8.82828845937099,segment4,-9.79193886679236
561,9,0.16,12.08371,25073,-136.271111111111,-136.271111111111,-74.5832270394014,-74.6879650883486,segment4,-69.7240003228213,-1547.11273552291,13190.2681090778,13021.8282975265,segment2,18632.9572125299,5950.4132231405,9292.56198347107,9067.19213225982,segment2,9277.00517745946,9489.35332785529,10925.2924156846,10857.6617751708,segment4,12321.9730983689,-15,-9.49275043766077,-9.56684681680855,segment4,-9.79193886679236
562,10,0.1585,12.10528,21609.8459480079,-143.967009004427,-143.967009004427,-87.0327186734098,-86.7908591008817,segment4,-69.7240003228213,226.102146355045,10712.315350752,11152.3678831063,segment2,18632.9572125299,3689.25619834711,6961.98347107438,7281.62598518971,segment2,9277.00517745946,11607.4858431913,10767.5512675414,10879.1248647867,segment4,12321.9730983689,-16.4185367524382,-10.2981025440516,-10.3967257390103,segment4,-9.79193886679236
563,11,0.157,12.12702,48051.4936050462,-85.2077919887862,-85.2077919887862,-99.0120034651524,-98.8937531134147,segment4,-69.7240003228213,41322.9587573173,8388.78619929839,9282.90746868621,segment2,18632.9572125299,3570.2479338843,4631.40495867769,5496.05983811959,segment2,9277.00517745946,11311.0631663947,10669.408740002,10900.5879544026,segment4,12321.9730983689,-9.41429896084321,-11.1480480764272,-11.226604661212,segment4,-9.79193886679236
564,12,0.1555,12.14878,40308.4728656146,-102.414504743079,-102.414504743079,-109.629441154496,-106.643446623532,segment4,-69.7240003228212,6384.65703057847,8589.2735739833,9601.205144857,segment2,18632.9572125299,3689.25619834711,4631.40495867769,4581.42863038579,segment2,9277.00517745946,10438.421571663,10808.7749161855,10996.8201798727,segment4,12321.9730983689,-10.8853921319523,-12.0804906050987,-11.8158904441723,segment4,-9.79193886679236
565,1,0.154,12.17123,41894.1885367197,-98.8906921406229,-98.8906921406229,-116.009969093873,-114.39314013365,segment4,-69.7240003228212,14869.7890127246,10166.8801174857,9919.50282102779,segment2,18632.9572125299,3689.25619834711,4631.40495867769,3666.79742265199,segment2,9277.00517745946,9594.81714327246,10925.0808792442,11093.0524053428,segment4,12321.9730983689,-10.5576294880695,-12.682143497311,-12.4051762271327,segment4,-9.79193886679236
566,2,0.1525,12.19192,36868.2510575677,-110.059442094294,-110.059442094294,-114.797370376459,-115.001736376471,segment4,-69.7240003228212,10084.1415004339,14092.617740014,11719.9217900976,segment2,18632.9572125299,3332.23140495868,4631.40495867769,3643.88473873179,segment2,9277.00517745946,11777.8475746273,11433.9115062169,11354.4624309036,segment4,12321.9730983689,-11.6090534912225,-12.5956053916411,-12.446694154106,segment4,-9.79193886679236
567,3,0.151,12.21365,32515.713914223,-119.731746857282,-119.731746857282,-109.795670472584,-115.610332619292,segment4,-69.7240003228212,9205.36642426484,16541.7678679481,13520.3407591675,segment2,18632.9572125299,3689.25619834711,4631.40495867769,3620.9720548116,segment2,9277.00517745946,9868.64736926244,11954.1372674293,11615.8724564644,segment4,12321.9730983689,-12.6472252486424,-12.1428849270671,-12.4882120810793,segment4,-9.79193886679236
568,4,0.1495,12.23551,34932.7638148684,-114.360524855848,-114.360524855848,-106.858028716572,-113.530181515945,segment4,-69.7240003228212,15808.2534228298,16579.4487293996,14689.0522528748,segment2,18632.9572125299,3570.2479338843,4631.40495867769,4019.66807769118,segment2,9277.00517745946,9820.95558830004,12213.1702191398,11890.8955807381,segment4,12321.9730983689,-12.061270136713,-11.7827554983852,-12.3409411248505,segment4,-9.79193886679236
569,5,0.148,12.25728,25073,-136.271111111111,-136.271111111111,-108.279781784139,-111.450030412599,segment4,-69.7240003228212,4983.57458705347,15012.9810670942,15857.7637465821,segment2,18632.9572125299,6148.76033057851,4631.40495867768,4418.36410057077,segment2,9277.00517745946,11248.2066442354,12365.2123451626,12165.9187050118,segment4,12321.9730983689,-15,-11.8960761696654,-12.1936701686216,segment4,-9.79193886679236
570,6,0.1465,12.27894,19600.5603497173,-148.432088111739,-148.432088111739,-110.627426114141,-109.665334304168,segment4,-69.7240003228212,477.973572857781,14285.4130200856,16515.4405291336,segment2,18632.9572125299,5950.4132231405,4631.40495867769,5010.29180012252,segment2,9277.00517745946,10687.4113689878,12294.7227274337,12314.6955376635,segment4,12321.9730983689,-17.3449277779092,-12.1492772753772,-12.1373908658969,segment4,-9.79193886679236
571,7,0.145,12.30065,39261.2283402345,-104.741714799479,-104.741714799479,-112.404949604483,-107.880638195737,segment4,-69.7240003228212,37644.2695136669,14497.5125029944,17173.117311685,segment2,18632.9572125299,6148.76033057851,4631.40495867769,5602.21949967428,segment2,9277.00517745946,11834.8411925712,12356.3548702816,12463.4723703152,segment4,12321.9730983689,-11.1018544149991,-12.3548396091213,-12.0811115631721,segment4,-9.79193886679236
572,8,0.1435,12.32265,66603.3757712496,-43.9813871750008,-43.9813871750008,-111.052736050443,-105.041434942618,segment4,-69.7240003228212,58494.6518692548,15784.7022190525,17637.4915304627,segment2,18632.9572125299,6148.76033057851,4631.40495867769,5689.80531069893,segment2,9277.00517745946,25003.7441076611,12341.249954154,12569.7659077065,segment4,12321.9730983689,-6.56298140198209,-12.3204480892818,-11.8803473305376,segment4,-9.79193886679236
573,9,0.142,12.34422,49175.9704895988,-82.7089544675582,-82.7089544675582,-105.939627265247,-102.202231689498,segment4,-69.7240003228212,-453.934108395905,17510.463475675,18101.8657492403,segment2,18632.9572125299,5950.4132231405,4631.40495867769,5777.39112172358,segment2,9277.00517745946,11023.0579501144,12374.6083567566,12676.0594450977,segment4,12321.9730983689,-9.22289864006831,-11.9096105932455,-11.679583097903,segment4,-9.79193886679236
574,10,0.1405,12.3658,29233.4064233303,-127.02576350371,-127.02576350371,-101.866444540424,-99.9524614654632,segment4,-69.7240003228213,37.2641940631505,17220.6317974963,17392.0903600573,segment2,18632.9572125299,3689.25619834711,4631.40495867769,5238.09312203359,segment2,9277.00517745946,16290.5720619845,12552.7434057452,12675.3630525531,segment4,12321.9730983689,-13.5525318240045,-11.5589411104775,-11.4103513995028,segment4,-9.79193886679236
575,11,0.139,12.38768,25073,-136.271111111111,-136.271111111111,-98.1645676631306,-97.7026912414283,segment4,-69.7240003228213,3916.57281428089,17146.7220825143,16682.3149708744,segment2,18632.9572125299,3570.2479338843,4631.40495867769,4698.7951223436,segment2,9277.00517745946,10276.9879721474,12539.5201316149,12674.6666600085,segment4,12321.9730983689,-15,-11.1912942061695,-11.1411197011025,segment4,-9.79193886679236
576,12,0.1375,12.40967,37932.4077066437,-107.694649540792,-107.694649540792,-95.5060285839891,-99.0729593883081,segment4,-69.7240003228213,26329.4098454078,17160.2368645102,15135.2190945163,segment2,18632.9572125299,3689.25619834711,4631.40495867769,4182.79630297713,segment2,9277.00517745946,9780.74594041694,12470.8269252006,12443.5414262537,segment4,12321.9730983689,-11.3765176298794,-10.834710739094,-11.1845066120294,segment4,-9.79193886679236
577,1,0.136,12.43187,25073,-136.271111111111,-136.271111111111,-95.913917567994,-100.443227535188,segment4,-69.7240003228213,15.4237877062711,16205.076176543,13588.1232181582,segment2,18632.9572125299,3689.25619834711,4631.40495867769,3666.79748361066,segment2,9277.00517745946,11731.6642028693,12450.250058608,12212.4161924989,segment4,12321.9730983689,-15,-10.8351377390709,-11.2278935229563,segment4,-9.79193886679236
578,2,0.1345,12.45352,68293.3459779188,-40.2258978268471,-40.2258978268471,-101.467570724119,-104.127598428639,segment4,-69.7240003228212,55831.0599108461,12841.9162575189,12617.0561648125,segment2,18632.9572125299,3332.23140495868,4631.40495867769,3643.88480055786,segment2,9277.00517745946,9278.4825279687,11997.071289112,11942.2475384753,segment4,12321.9730983689,-6.3412865031454,-11.4262061739308,-11.6299409909824,segment4,-9.79193886679236
579,3,0.133,12.47492,56312.1938739836,-66.8506802800365,-66.8506802800365,-109.130533834512,-107.811969322089,segment4,-69.7240003228212,4876.71817279316,10391.6100256911,11645.9891114668,segment2,18632.9572125299,3689.25619834711,4631.40495867769,3620.97211750505,segment2,9277.00517745946,13168.6140783813,11769.0721710668,11672.0788844518,segment4,12321.9730983689,-8.05489233184662,-12.3581006563031,-12.0319884590085,segment4,-9.79193886679236
580,4,0.1315,12.49701,55126.6572832046,-69.4852060373231,-69.4852060373231,-111.504766210927,-107.47028772373,segment4,-69.7240003228212,13180.9413980137,12068.4246966239,12814.212226549,segment2,18632.9572125299,3570.2479338843,4631.40495867769,4019.66811564812,segment2,9277.00517745946,10796.2300549083,11744.6883739973,11623.1296310019,segment4,12321.9730983689,-8.23753546707681,-12.7416937806453,-12.1364638338,segment4,-9.79193886679236
581,5,0.13,12.51951,44859.3768064269,-92.3013848746068,-92.3013848746068,-106.961238422786,-107.128606125371,segment4,-69.7240003228212,5837.05345230012,15281.1462625644,13982.4353416312,segment2,18632.9572125299,6148.76033057851,4631.40495867768,4418.36411379118,segment2,9277.00517745946,9955.5735984993,11603.9905047043,11574.180377552,segment4,12321.9730983689,-10.0002089662461,-12.3013344089268,-12.2409392085915,segment4,-9.79193886679236
582,6,0.1285,12.5409,28526.405598018,-128.596876448849,-128.596876448849,-101.901239438328,-103.428764999067,segment4,-69.7240003228212,-51.1505244872767,15904.3089713903,15013.9392619296,segment2,18632.9572125299,5950.4132231405,4631.40495867769,5010.29177447472,segment2,9277.00517745946,10331.4074607811,11754.3138140029,11630.2138983272,segment4,12321.9730983689,-13.786715601849,-11.8434622761003,-12.0007665910522,segment4,-9.79193886679236
583,7,0.127,12.56264,25930.182064682,-134.366262078484,-134.366262078484,-97.1908136667907,-99.7289238727624,segment4,-69.7240003228213,15249.5370997991,15823.4143114757,16045.443182228,segment2,18632.9572125299,6148.76033057851,4631.40495867769,5602.21943515826,segment2,9277.00517745946,11697.0003025567,11724.6400621164,11686.2474191024,segment4,12321.9730983689,-14.6703145905069,-11.4076345789376,-11.7605939735128,segment4,-9.79193886679236
584,8,0.1255,12.58454,19954.9679606484,-147.644515643003,-147.644515643003,-95.5341156404949,-97.1691189872475,segment4,-69.7240003228213,173.546226544975,14506.2014832818,15852.4834883102,segment2,18632.9572125299,6148.76033057851,4631.40495867769,5689.80524212024,segment2,9277.00517745946,14265.2945297701,11675.5176814952,11746.5607632285,segment4,12321.9730983689,-17.1801636631109,-11.1998099132814,-11.548047995506,segment4,-9.79193886679236
585,9,0.124,12.60678,13064.3767079541,-162.956940648991,-162.956940648991,-95.8740117786764,-94.6093141017326,segment4,-69.7240003228213,-940.178029553837,13509.1130464454,15659.5237943924,segment2,18632.9572125299,5950.4132231405,4631.40495867769,5777.39104908223,segment2,9277.00517745946,16289.5286949206,11576.8966186736,11806.8741073545,segment4,12321.9730983689,-20.971183955874,-11.2261542617969,-11.3355020174993,segment4,-9.79193886679236
586,10,0.1225,12.6282,39703.2905397033,-103.759354356215,-103.759354356215,-94.3664374464225,-93.4682932298675,segment4,-69.7240003228213,40767.0602176073,14468.3202954802,15089.4558981798,segment2,18632.9572125299,3689.25619834711,4631.40495867769,5238.09308053589,segment2,9277.00517745946,10438.890187511,11704.7421560125,11944.8746057635,segment4,12321.9730983689,-11.0104814924135,-11.1285400391491,-11.1783862016099,segment4,-9.79193886679236
587,11,0.121,12.64948,63673.2159955404,-50.4928533432435,-50.4928533432435,-93.7775682326558,-92.3272723580025,segment4,-69.7240003228213,40292.0943733108,14328.8253687176,14519.3880019672,segment2,18632.9572125299,3570.2479338843,4631.40495867769,4698.79511198955,segment2,9277.00517745946,12751.9209835894,11978.6645325691,12082.8751041724,segment4,12321.9730983689,-6.97342541034593,-11.0836941268864,-11.0212703857206,segment4,-9.79193886679236
588,12,0.1195,12.67154,53980.1807432502,-72.0329316816663,-72.0329316816663,-93.5929351307011,-91.9289471047583,segment4,-69.7240003228213,4909.79329819835,14440.1773991367,14104.5837295462,segment2,18632.9572125299,3689.25619834711,4631.40495867769,4182.79632155654,segment2,9277.00517745946,10913.5723521415,12271.9228133036,12156.7064860899,segment4,12321.9730983689,-8.41416103169774,-11.0768059364157,-10.8767082154263,segment4,-9.79193886679236
589,1,0.118,12.69367,59897.8252959992,-58.8826104533351,-58.8826104533351,-93.7968923162154,-91.5306218515141,segment4,-69.7240003228213,19493.5684969653,14333.7481314237,13689.7794571253,segment2,18632.9572125299,3689.25619834711,4631.40495867769,3666.79753112353,segment2,9277.00517745946,9886.66774586918,12488.0766335603,12230.5378680074,segment4,12321.9730983689,-7.5024918662765,-11.1091134856888,-10.7321460451319,segment4,-9.79193886679236
590,2,0.1165,12.71474,51360.8593659149,-77.8536458535225,-77.8536458535225,-93.4023691704126,-92.8948761309586,segment4,-69.7240003228213,4739.80732493391,14413.8672794279,13084.5707102363,segment2,18632.9572125299,3332.23140495868,4631.40495867769,3643.88484421578,segment2,9277.00517745946,9944.54185005955,12248.9095818735,12081.836938313,segment4,12321.9730983689,-8.85100266112084,-11.0320102251214,-10.8136003116786,segment4,-9.79193886679236
591,3,0.115,12.73557,69573.8021936271,-37.3804395697175,-37.3804395697175,-92.5129148080311,-94.2591304104031,segment4,-69.7240003228213,32037.8482746314,14652.5079402441,12479.3619633473,segment2,18632.9572125299,3689.25619834711,4631.40495867769,3620.97215730804,segment2,9277.00517745946,10135.6492485721,11812.4970935246,11933.1360086186,segment4,12321.9730983689,-6.17744053824347,-10.832727635156,-10.8950545782252,segment4,-9.79193886679236
592,4,0.1135,12.7572,58146.8517519026,-62.7736627735499,-62.7736627735499,-94.4875964134163,-98.53612280594,segment4,-69.7240003228213,9040.78527301108,12928.6929969361,12124.1609178716,segment2,18632.9572125299,3570.2479338843,4631.40495867769,4473.16523454749,segment2,9277.00517745946,16897.4877808514,11621.8406794286,12040.4583008312,segment4,12321.9730983689,-7.77224591713104,-11.1172364789049,-11.6063974574206,segment4,-9.79193886679236
593,5,0.112,12.77873,48198.9698464101,-84.8800670079775,-84.8800670079775,-101.531667307085,-102.813115201477,segment4,-69.7240003228212,6629.33133500041,9681.18401841293,11768.9598723959,segment2,18632.9572125299,6148.76033057851,4631.40495867768,5325.35831178693,segment2,9277.00517745946,10428.4529099144,11853.8079070262,12147.7805930438,segment4,12321.9730983689,-9.38919662188758,-12.0840253712345,-12.317740336616,segment4,-9.79193886679236
594,6,0.1105,12.80028,27180.8500591456,-131.586999868565,-131.586999868565,-108.862084898042,-107.362526578616,segment4,-69.7240003228212,1829.02032287024,8812.82009352555,11573.5597216982,segment2,18632.9572125299,5950.4132231405,4631.40495867769,6173.91655388131,segment2,9277.00517745946,16896.7268869942,12179.0709330089,12355.0927809803,segment4,12321.9730983689,-14.2324113749104,-12.9322729394921,-13.0271808249317,segment4,-9.79193886679236
595,7,0.109,12.8218,25073,-136.271111111111,-136.271111111111,NA,-111.911937955755,segment4,-69.7240003228212,10815.0638273286,NA,11378.1595710004,segment2,18632.9572125299,6148.76033057851,NA,7022.47479597569,segment2,9277.00517745946,10319.3725625049,NA,12562.4049689168,segment4,12321.9730983689,-15,NA,-13.7366213132474,segment4,-9.79193886679236
596,8,0.1075,12.84359,25073,-136.271111111111,-136.271111111111,NA,-116.469216029017,segment4,-69.7240003228212,6530.87905111728,NA,11377.8556304469,segment2,18632.9572125299,6148.76033057851,NA,8056.18859467225,segment2,9277.00517745946,9902.9130293366,NA,12776.4650327439,segment4,12321.9730983689,-15,NA,-14.480337326397,segment4,-9.79193886679236
597,9,0.106,12.8651,17552.4517823231,-152.983440483726,-152.983440483726,NA,-121.026494102279,segment4,-69.7240003228212,-1570.13499453639,NA,11377.5516898934,segment2,18632.9572125299,5950.4132231405,NA,9089.90239336881,segment2,9277.00517745946,10178.0104749825,NA,12990.525096571,segment4,12321.9730983689,-18.368565459816,NA,-15.2240533395467,segment4,-9.79193886679236
598,10,0.1045,12.8866,13888.6541271739,-161.125213050725,-161.125213050725,NA,-125.554660198433,segment4,-69.7240003228212,25.4585431979223,NA,11423.5787802729,segment2,18632.9572125299,3689.25619834711,NA,10217.8620436248,segment2,9277.00517745946,11974.6544691448,NA,13220.8736809335,segment4,12321.9730983689,-20.441312238445,NA,-16.0061122219562,segment4,-9.79193886679236
599,11,0.103,12.90826,13411.886756453,-162.184696096771,-162.184696096771,NA,-130.082826294588,segment4,-69.7240003228212,3093.48056316335,NA,11469.6058706524,segment2,18632.9572125299,3570.2479338843,NA,11345.8216938809,segment2,9277.00517745946,16783.3701642975,NA,13451.222265296,segment4,12321.9730983689,-20.7455280802254,NA,-16.7881711043657,segment4,-9.79193886679236
600,12,0.1015,12.93063,25073,-136.271111111111,-136.271111111111,NA,-134.627822470688,segment4,-69.7240003228213,21267.6729110488,NA,11484.1217505369,segment2,18632.9572125299,3689.25619834711,NA,12477.9848915213,segment2,9277.00517745946,14688.4357950176,NA,13710.8790163817,segment4,12321.9730983689,-15,NA,-17.5935259152514,segment4,-9.79193886679236
